subNum	 session	 trialNo	 variability	 targPresent	 targSide	 response	 accuracy
1	 1	 1	 10.00	 0	 x	 r	 1
1	 1	 2	 10.00	 1	 right	 l	 1
1	 1	 3	 1.90	 1	 right	 r	 0
1	 1	 4	 1.90	 0	 x	 r	 1
1	 1	 5	 10.00	 1	 left	 l	 1
1	 1	 6	 1.90	 1	 right	 r	 0
1	 1	 7	 10.00	 0	 x	 r	 1
1	 1	 8	 10.00	 0	 x	 l	 0
1	 1	 9	 1.90	 1	 right	 l	 1
1	 1	 10	 1.90	 0	 x	 l	 0
1	 1	 11	 1.90	 1	 right	 r	 0
1	 1	 12	 1.90	 1	 left	 r	 0
1	 1	 13	 1.90	 0	 x	 l	 0
1	 1	 14	 10.00	 1	 right	 l	 1
1	 1	 15	 1.90	 1	 right	 l	 1
1	 1	 16	 1.90	 1	 left	 l	 1
1	 1	 17	 10.00	 0	 x	 r	 1
1	 1	 18	 10.00	 0	 x	 x	 1
1	 1	 19	 1.90	 1	 left	 r	 0
1	 1	 20	 1.90	 0	 x	 r	 1
1	 1	 21	 10.00	 1	 left	 l	 1
1	 1	 22	 1.90	 1	 right	 l	 1
1	 1	 23	 1.90	 1	 left	 r	 0
1	 1	 24	 10.00	 1	 right	 l	 1
1	 1	 25	 10.00	 1	 left	 l	 1
1	 1	 26	 1.90	 0	 x	 r	 1
1	 1	 27	 1.90	 0	 x	 l	 0
1	 1	 28	 10.00	 1	 right	 l	 1
1	 1	 29	 1.90	 0	 x	 r	 1
1	 1	 30	 1.90	 0	 x	 r	 1
1	 1	 31	 10.00	 1	 right	 l	 1
1	 1	 32	 1.90	 1	 left	 l	 1
1	 1	 33	 1.90	 0	 x	 r	 1
1	 1	 34	 1.90	 1	 left	 l	 1
1	 1	 35	 1.90	 0	 x	 l	 0
1	 1	 36	 1.90	 0	 x	 l	 0
1	 1	 37	 1.90	 1	 right	 l	 1
1	 1	 38	 10.00	 0	 x	 r	 1
1	 1	 39	 10.00	 0	 x	 r	 1
1	 1	 40	 1.90	 1	 right	 l	 1
1	 1	 41	 1.90	 1	 left	 l	 1
1	 1	 42	 10.00	 0	 x	 x	 1
1	 1	 43	 10.00	 0	 x	 r	 1
1	 1	 44	 1.90	 1	 right	 l	 1
1	 1	 45	 10.00	 1	 right	 l	 1
1	 1	 46	 10.00	 0	 x	 r	 1
1	 1	 47	 10.00	 0	 x	 r	 1
1	 1	 48	 10.00	 1	 left	 l	 1
1	 1	 49	 10.00	 1	 right	 l	 1
1	 1	 50	 1.90	 0	 x	 l	 0
1	 1	 51	 10.00	 1	 left	 l	 1
1	 1	 52	 1.90	 0	 x	 r	 1
1	 1	 53	 10.00	 0	 x	 r	 1
1	 1	 54	 10.00	 0	 x	 r	 1
1	 1	 55	 10.00	 1	 left	 r	 0
1	 1	 56	 10.00	 1	 left	 l	 1
1	 1	 57	 1.90	 1	 left	 l	 1
1	 1	 58	 10.00	 1	 right	 l	 1
1	 1	 59	 10.00	 1	 left	 l	 1
1	 1	 60	 1.90	 0	 x	 l	 0
1	 1	 61	 10.00	 1	 left	 l	 1
1	 1	 62	 1.90	 0	 x	 l	 0
1	 1	 63	 10.00	 1	 right	 l	 1
1	 1	 64	 10.00	 0	 x	 r	 1
1	 1	 65	 1.90	 1	 right	 l	 1
1	 1	 66	 10.00	 0	 x	 r	 1
1	 1	 67	 1.90	 0	 x	 r	 1
1	 1	 68	 1.90	 0	 x	 r	 1
1	 1	 69	 1.90	 1	 left	 l	 1
1	 1	 70	 10.00	 0	 x	 r	 1
1	 1	 71	 1.90	 1	 left	 r	 0
1	 1	 72	 10.00	 0	 x	 r	 1
1	 1	 73	 10.00	 0	 x	 r	 1
1	 1	 74	 10.00	 1	 right	 l	 1
1	 1	 75	 10.00	 1	 left	 l	 1
1	 1	 76	 1.90	 0	 x	 r	 1
1	 1	 77	 1.90	 0	 x	 l	 0
1	 1	 78	 10.00	 0	 x	 r	 1
1	 1	 79	 10.00	 0	 x	 r	 1
1	 1	 80	 1.90	 0	 x	 r	 1
1	 2	 1	 1.90	 0	 x	 l	 0
1	 2	 2	 1.90	 0	 x	 l	 0
1	 2	 3	 10.00	 0	 x	 r	 1
1	 2	 4	 1.90	 1	 left	 l	 1
1	 2	 5	 10.00	 0	 x	 r	 1
1	 2	 6	 1.90	 0	 x	 l	 0
1	 2	 7	 10.00	 1	 left	 l	 1
1	 2	 8	 10.00	 1	 left	 l	 1
1	 2	 9	 1.90	 1	 right	 r	 0
1	 2	 10	 10.00	 0	 x	 r	 1
1	 2	 11	 1.90	 0	 x	 l	 0
1	 2	 12	 10.00	 1	 left	 l	 1
1	 2	 13	 1.90	 0	 x	 l	 0
1	 2	 14	 1.90	 1	 left	 l	 1
1	 2	 15	 10.00	 1	 left	 l	 1
1	 2	 16	 10.00	 0	 x	 r	 1
1	 2	 17	 1.90	 0	 x	 r	 1
1	 2	 18	 1.90	 0	 x	 l	 0
1	 2	 19	 1.90	 1	 left	 r	 0
1	 2	 20	 10.00	 1	 right	 l	 1
1	 2	 21	 10.00	 0	 x	 r	 1
1	 2	 22	 10.00	 1	 left	 l	 1
1	 2	 23	 1.90	 1	 right	 x	 1
1	 2	 24	 1.90	 1	 left	 l	 1
1	 2	 25	 10.00	 1	 right	 l	 1
1	 2	 26	 1.90	 0	 x	 r	 1
1	 2	 27	 1.90	 1	 right	 r	 0
1	 2	 28	 1.90	 1	 right	 l	 1
1	 2	 29	 10.00	 1	 left	 l	 1
1	 2	 30	 1.90	 1	 left	 l	 1
1	 2	 31	 1.90	 0	 x	 r	 1
1	 2	 32	 10.00	 0	 x	 r	 1
1	 2	 33	 10.00	 0	 x	 r	 1
1	 2	 34	 10.00	 1	 right	 l	 1
1	 2	 35	 1.90	 0	 x	 r	 1
1	 2	 36	 1.90	 0	 x	 r	 1
1	 2	 37	 10.00	 0	 x	 r	 1
1	 2	 38	 1.90	 1	 left	 r	 0
1	 2	 39	 1.90	 1	 left	 l	 1
1	 2	 40	 1.90	 0	 x	 r	 1
1	 2	 41	 10.00	 1	 right	 l	 1
1	 2	 42	 1.90	 0	 x	 r	 1
1	 2	 43	 1.90	 1	 left	 l	 1
1	 2	 44	 10.00	 0	 x	 r	 1
1	 2	 45	 1.90	 0	 x	 r	 1
1	 2	 46	 10.00	 0	 x	 r	 1
1	 2	 47	 1.90	 0	 x	 r	 1
1	 2	 48	 10.00	 0	 x	 r	 1
1	 2	 49	 10.00	 1	 left	 l	 1
1	 2	 50	 1.90	 1	 right	 r	 0
1	 2	 51	 1.90	 0	 x	 r	 1
1	 2	 52	 1.90	 0	 x	 r	 1
1	 2	 53	 1.90	 1	 right	 l	 1
1	 2	 54	 10.00	 1	 right	 l	 1
1	 2	 55	 10.00	 1	 right	 l	 1
1	 2	 56	 10.00	 1	 right	 l	 1
1	 2	 57	 1.90	 1	 right	 l	 1
1	 2	 58	 10.00	 0	 x	 r	 1
1	 2	 59	 10.00	 0	 x	 r	 1
1	 2	 60	 10.00	 1	 right	 r	 0
1	 2	 61	 10.00	 1	 right	 l	 1
1	 2	 62	 1.90	 0	 x	 r	 1
1	 2	 63	 10.00	 0	 x	 r	 1
1	 2	 64	 1.90	 1	 left	 r	 0
1	 2	 65	 10.00	 0	 x	 r	 1
1	 2	 66	 10.00	 1	 left	 l	 1
1	 2	 67	 10.00	 0	 x	 r	 1
1	 2	 68	 10.00	 0	 x	 r	 1
1	 2	 69	 10.00	 0	 x	 r	 1
1	 2	 70	 1.90	 0	 x	 r	 1
1	 2	 71	 1.90	 0	 x	 r	 1
1	 2	 72	 1.90	 1	 right	 l	 1
1	 2	 73	 10.00	 0	 x	 r	 1
1	 2	 74	 10.00	 1	 left	 l	 1
1	 2	 75	 1.90	 1	 left	 r	 0
1	 2	 76	 1.90	 1	 right	 l	 1
1	 2	 77	 10.00	 1	 right	 l	 1
1	 2	 78	 1.90	 1	 right	 l	 1
1	 2	 79	 10.00	 0	 x	 r	 1
1	 2	 80	 10.00	 1	 left	 l	 1
2	 1	 1	 10.00	 1	 right	 l	 1
2	 1	 2	 10.00	 0	 x	 r	 1
2	 1	 3	 10.00	 0	 x	 l	 0
2	 1	 4	 10.00	 1	 right	 l	 1
2	 1	 5	 1.90	 1	 right	 l	 1
2	 1	 6	 10.00	 1	 left	 l	 1
2	 1	 7	 10.00	 1	 right	 l	 1
2	 1	 8	 10.00	 1	 left	 l	 1
2	 1	 9	 1.90	 1	 left	 l	 1
2	 1	 10	 10.00	 1	 right	 l	 1
2	 1	 11	 1.90	 1	 right	 l	 1
2	 1	 12	 1.90	 1	 left	 l	 1
2	 1	 13	 1.90	 0	 x	 l	 0
2	 1	 14	 10.00	 1	 right	 l	 1
2	 1	 15	 1.90	 0	 x	 l	 0
2	 1	 16	 1.90	 0	 x	 l	 0
2	 1	 17	 1.90	 1	 right	 l	 1
2	 1	 18	 1.90	 0	 x	 l	 0
2	 1	 19	 10.00	 0	 x	 r	 1
2	 1	 20	 1.90	 1	 left	 l	 1
2	 1	 21	 1.90	 1	 left	 l	 1
2	 1	 22	 10.00	 0	 x	 r	 1
2	 1	 23	 1.90	 0	 x	 l	 0
2	 1	 24	 1.90	 0	 x	 l	 0
2	 1	 25	 10.00	 1	 right	 l	 1
2	 1	 26	 1.90	 1	 left	 l	 1
2	 1	 27	 10.00	 0	 x	 r	 1
2	 1	 28	 1.90	 1	 left	 l	 1
2	 1	 29	 10.00	 0	 x	 r	 1
2	 1	 30	 1.90	 0	 x	 l	 0
2	 1	 31	 10.00	 0	 x	 r	 1
2	 1	 32	 10.00	 0	 x	 r	 1
2	 1	 33	 10.00	 0	 x	 r	 1
2	 1	 34	 10.00	 0	 x	 r	 1
2	 1	 35	 10.00	 1	 left	 l	 1
2	 1	 36	 1.90	 0	 x	 l	 0
2	 1	 37	 10.00	 0	 x	 r	 1
2	 1	 38	 10.00	 0	 x	 r	 1
2	 1	 39	 10.00	 1	 right	 l	 1
2	 1	 40	 1.90	 0	 x	 l	 0
2	 1	 41	 1.90	 0	 x	 r	 1
2	 1	 42	 1.90	 1	 left	 r	 0
2	 1	 43	 1.90	 0	 x	 r	 1
2	 1	 44	 10.00	 0	 x	 r	 1
2	 1	 45	 1.90	 0	 x	 r	 1
2	 1	 46	 1.90	 0	 x	 r	 1
2	 1	 47	 10.00	 1	 right	 l	 1
2	 1	 48	 1.90	 1	 left	 l	 1
2	 1	 49	 10.00	 0	 x	 r	 1
2	 1	 50	 10.00	 0	 x	 l	 0
2	 1	 51	 1.90	 0	 x	 r	 1
2	 1	 52	 1.90	 1	 right	 l	 1
2	 1	 53	 1.90	 1	 left	 l	 1
2	 1	 54	 10.00	 1	 right	 l	 1
2	 1	 55	 1.90	 1	 right	 l	 1
2	 1	 56	 10.00	 0	 x	 r	 1
2	 1	 57	 1.90	 1	 right	 l	 1
2	 1	 58	 1.90	 0	 x	 l	 0
2	 1	 59	 1.90	 0	 x	 l	 0
2	 1	 60	 1.90	 0	 x	 r	 1
2	 1	 61	 10.00	 1	 left	 l	 1
2	 1	 62	 10.00	 1	 left	 l	 1
2	 1	 63	 1.90	 0	 x	 r	 1
2	 1	 64	 10.00	 1	 left	 l	 1
2	 1	 65	 1.90	 0	 x	 r	 1
2	 1	 66	 10.00	 1	 right	 l	 1
2	 1	 67	 1.90	 1	 right	 r	 0
2	 1	 68	 10.00	 1	 left	 l	 1
2	 1	 69	 10.00	 0	 x	 r	 1
2	 1	 70	 10.00	 1	 left	 l	 1
2	 1	 71	 1.90	 1	 left	 r	 0
2	 1	 72	 1.90	 1	 right	 l	 1
2	 1	 73	 10.00	 1	 left	 l	 1
2	 1	 74	 10.00	 1	 left	 l	 1
2	 1	 75	 1.90	 1	 right	 l	 1
2	 1	 76	 10.00	 0	 x	 r	 1
2	 1	 77	 10.00	 0	 x	 l	 0
2	 1	 78	 1.90	 0	 x	 l	 0
2	 1	 79	 1.90	 1	 right	 r	 0
2	 1	 80	 10.00	 0	 x	 l	 0
2	 2	 1	 1.90	 0	 x	 l	 0
2	 2	 2	 1.90	 1	 right	 l	 1
2	 2	 3	 1.90	 1	 left	 l	 1
2	 2	 4	 10.00	 1	 right	 l	 1
2	 2	 5	 10.00	 1	 right	 l	 1
2	 2	 6	 10.00	 1	 left	 l	 1
2	 2	 7	 10.00	 0	 x	 r	 1
2	 2	 8	 10.00	 0	 x	 r	 1
2	 2	 9	 1.90	 1	 left	 l	 1
2	 2	 10	 10.00	 0	 x	 r	 1
2	 2	 11	 10.00	 1	 left	 l	 1
2	 2	 12	 10.00	 0	 x	 r	 1
2	 2	 13	 10.00	 0	 x	 r	 1
2	 2	 14	 10.00	 1	 left	 l	 1
2	 2	 15	 1.90	 0	 x	 l	 0
2	 2	 16	 10.00	 0	 x	 r	 1
2	 2	 17	 1.90	 1	 right	 l	 1
2	 2	 18	 1.90	 1	 left	 l	 1
2	 2	 19	 1.90	 0	 x	 l	 0
2	 2	 20	 1.90	 1	 left	 l	 1
2	 2	 21	 1.90	 0	 x	 l	 0
2	 2	 22	 1.90	 1	 left	 l	 1
2	 2	 23	 1.90	 0	 x	 r	 1
2	 2	 24	 1.90	 0	 x	 r	 1
2	 2	 25	 1.90	 0	 x	 r	 1
2	 2	 26	 1.90	 0	 x	 l	 0
2	 2	 27	 1.90	 1	 right	 l	 1
2	 2	 28	 1.90	 1	 right	 l	 1
2	 2	 29	 1.90	 1	 left	 l	 1
2	 2	 30	 1.90	 1	 right	 r	 0
2	 2	 31	 10.00	 0	 x	 r	 1
2	 2	 32	 10.00	 0	 x	 r	 1
2	 2	 33	 1.90	 0	 x	 r	 1
2	 2	 34	 10.00	 1	 right	 l	 1
2	 2	 35	 1.90	 1	 right	 l	 1
2	 2	 36	 10.00	 0	 x	 r	 1
2	 2	 37	 10.00	 1	 right	 l	 1
2	 2	 38	 1.90	 0	 x	 r	 1
2	 2	 39	 10.00	 1	 right	 l	 1
2	 2	 40	 1.90	 0	 x	 l	 0
2	 2	 41	 10.00	 0	 x	 r	 1
2	 2	 42	 10.00	 0	 x	 r	 1
2	 2	 43	 10.00	 0	 x	 r	 1
2	 2	 44	 10.00	 1	 right	 l	 1
2	 2	 45	 1.90	 0	 x	 r	 1
2	 2	 46	 1.90	 1	 left	 l	 1
2	 2	 47	 10.00	 1	 right	 l	 1
2	 2	 48	 10.00	 0	 x	 r	 1
2	 2	 49	 1.90	 1	 right	 l	 1
2	 2	 50	 10.00	 0	 x	 r	 1
2	 2	 51	 10.00	 1	 right	 l	 1
2	 2	 52	 10.00	 0	 x	 r	 1
2	 2	 53	 1.90	 0	 x	 l	 0
2	 2	 54	 1.90	 0	 x	 l	 0
2	 2	 55	 1.90	 1	 right	 l	 1
2	 2	 56	 10.00	 0	 x	 r	 1
2	 2	 57	 1.90	 1	 right	 l	 1
2	 2	 58	 1.90	 1	 right	 r	 0
2	 2	 59	 10.00	 0	 x	 r	 1
2	 2	 60	 10.00	 1	 left	 l	 1
2	 2	 61	 1.90	 1	 left	 l	 1
2	 2	 62	 1.90	 0	 x	 r	 1
2	 2	 63	 10.00	 1	 left	 l	 1
2	 2	 64	 1.90	 1	 left	 l	 1
2	 2	 65	 1.90	 0	 x	 l	 0
2	 2	 66	 1.90	 0	 x	 r	 1
2	 2	 67	 1.90	 1	 left	 r	 0
2	 2	 68	 10.00	 0	 x	 r	 1
2	 2	 69	 1.90	 0	 x	 r	 1
2	 2	 70	 10.00	 1	 left	 l	 1
2	 2	 71	 1.90	 0	 x	 r	 1
2	 2	 72	 10.00	 1	 left	 l	 1
2	 2	 73	 10.00	 1	 left	 l	 1
2	 2	 74	 10.00	 0	 x	 r	 1
2	 2	 75	 1.90	 0	 x	 l	 0
2	 2	 76	 10.00	 1	 right	 l	 1
2	 2	 77	 10.00	 0	 x	 r	 1
2	 2	 78	 10.00	 1	 left	 l	 1
2	 2	 79	 10.00	 1	 right	 l	 1
2	 2	 80	 10.00	 1	 left	 l	 1
5	 1	 1	 10.00	 0	 x	 r	 1
5	 1	 2	 10.00	 1	 left	 l	 1
5	 1	 3	 1.90	 0	 x	 r	 1
5	 1	 4	 1.90	 0	 x	 r	 1
5	 1	 5	 10.00	 1	 right	 l	 1
5	 1	 6	 10.00	 0	 x	 r	 1
5	 1	 7	 1.90	 1	 left	 l	 1
5	 1	 8	 10.00	 1	 left	 l	 1
5	 1	 9	 1.90	 0	 x	 r	 1
5	 1	 10	 10.00	 0	 x	 r	 1
5	 1	 11	 10.00	 0	 x	 r	 1
5	 1	 12	 10.00	 1	 right	 l	 1
5	 1	 13	 1.90	 1	 left	 r	 0
5	 1	 14	 1.90	 0	 x	 r	 1
5	 1	 15	 1.90	 0	 x	 r	 1
5	 1	 16	 10.00	 1	 left	 l	 1
5	 1	 17	 10.00	 1	 left	 l	 1
5	 1	 18	 10.00	 0	 x	 r	 1
5	 1	 19	 1.90	 0	 x	 r	 1
5	 1	 20	 10.00	 1	 right	 l	 1
5	 1	 21	 10.00	 1	 left	 l	 1
5	 1	 22	 1.90	 1	 left	 l	 1
5	 1	 23	 1.90	 1	 right	 l	 1
5	 1	 24	 10.00	 1	 right	 l	 1
5	 1	 25	 1.90	 1	 right	 l	 1
5	 1	 26	 1.90	 1	 right	 l	 1
5	 1	 27	 10.00	 1	 left	 l	 1
5	 1	 28	 1.90	 1	 left	 l	 1
5	 1	 29	 1.90	 1	 left	 l	 1
5	 1	 30	 1.90	 0	 x	 l	 0
5	 1	 31	 1.90	 1	 left	 r	 0
5	 1	 32	 1.90	 0	 x	 r	 1
5	 1	 33	 1.90	 0	 x	 r	 1
5	 1	 34	 10.00	 0	 x	 r	 1
5	 1	 35	 1.90	 0	 x	 r	 1
5	 1	 36	 10.00	 0	 x	 r	 1
5	 1	 37	 1.90	 0	 x	 r	 1
5	 1	 38	 1.90	 0	 x	 r	 1
5	 1	 39	 10.00	 0	 x	 r	 1
5	 1	 40	 1.90	 1	 right	 r	 0
5	 1	 41	 1.90	 1	 left	 r	 0
5	 1	 42	 1.90	 0	 x	 l	 0
5	 1	 43	 10.00	 1	 right	 l	 1
5	 1	 44	 10.00	 0	 x	 r	 1
5	 1	 45	 10.00	 0	 x	 r	 1
5	 1	 46	 1.90	 1	 right	 l	 1
5	 1	 47	 10.00	 0	 x	 r	 1
5	 1	 48	 10.00	 1	 right	 l	 1
5	 1	 49	 1.90	 1	 left	 l	 1
5	 1	 50	 1.90	 1	 right	 r	 0
5	 1	 51	 10.00	 1	 left	 l	 1
5	 1	 52	 10.00	 1	 right	 l	 1
5	 1	 53	 10.00	 1	 right	 l	 1
5	 1	 54	 10.00	 0	 x	 r	 1
5	 1	 55	 10.00	 0	 x	 r	 1
5	 1	 56	 10.00	 1	 left	 l	 1
5	 1	 57	 1.90	 0	 x	 r	 1
5	 1	 58	 10.00	 0	 x	 r	 1
5	 1	 59	 1.90	 1	 right	 l	 1
5	 1	 60	 1.90	 0	 x	 r	 1
5	 1	 61	 10.00	 0	 x	 r	 1
5	 1	 62	 10.00	 1	 left	 l	 1
5	 1	 63	 10.00	 0	 x	 r	 1
5	 1	 64	 10.00	 0	 x	 r	 1
5	 1	 65	 1.90	 1	 right	 r	 0
5	 1	 66	 1.90	 0	 x	 r	 1
5	 1	 67	 10.00	 0	 x	 r	 1
5	 1	 68	 10.00	 1	 right	 l	 1
5	 1	 69	 1.90	 0	 x	 r	 1
5	 1	 70	 1.90	 0	 x	 r	 1
5	 1	 71	 1.90	 1	 left	 r	 0
5	 1	 72	 10.00	 1	 left	 l	 1
5	 1	 73	 1.90	 1	 left	 r	 0
5	 1	 74	 10.00	 1	 right	 l	 1
5	 1	 75	 1.90	 0	 x	 l	 0
5	 1	 76	 1.90	 1	 right	 l	 1
5	 1	 77	 10.00	 0	 x	 r	 1
5	 1	 78	 1.90	 1	 right	 r	 0
5	 1	 79	 10.00	 0	 x	 r	 1
5	 1	 80	 1.90	 0	 x	 r	 1
5	 2	 1	 10.00	 1	 left	 l	 1
5	 2	 2	 10.00	 1	 left	 l	 1
5	 2	 3	 10.00	 1	 right	 l	 1
5	 2	 4	 1.90	 0	 x	 r	 1
5	 2	 5	 10.00	 1	 right	 l	 1
5	 2	 6	 10.00	 0	 x	 r	 1
5	 2	 7	 10.00	 0	 x	 r	 1
5	 2	 8	 1.90	 1	 left	 r	 0
5	 2	 9	 1.90	 1	 right	 l	 1
5	 2	 10	 1.90	 0	 x	 l	 0
5	 2	 11	 10.00	 1	 right	 l	 1
5	 2	 12	 10.00	 0	 x	 r	 1
5	 2	 13	 10.00	 1	 right	 r	 0
5	 2	 14	 1.90	 0	 x	 l	 0
5	 2	 15	 1.90	 0	 x	 r	 1
5	 2	 16	 1.90	 1	 left	 l	 1
5	 2	 17	 1.90	 0	 x	 r	 1
5	 2	 18	 10.00	 0	 x	 r	 1
5	 2	 19	 10.00	 0	 x	 l	 0
5	 2	 20	 1.90	 0	 x	 l	 0
5	 2	 21	 1.90	 0	 x	 r	 1
5	 2	 22	 10.00	 0	 x	 l	 0
5	 2	 23	 1.90	 1	 right	 r	 0
5	 2	 24	 10.00	 1	 right	 l	 1
5	 2	 25	 10.00	 1	 left	 l	 1
5	 2	 26	 10.00	 0	 x	 l	 0
5	 2	 27	 10.00	 1	 right	 l	 1
5	 2	 28	 1.90	 0	 x	 r	 1
5	 2	 29	 10.00	 1	 right	 l	 1
5	 2	 30	 1.90	 1	 left	 r	 0
5	 2	 31	 10.00	 0	 x	 r	 1
5	 2	 32	 10.00	 0	 x	 r	 1
5	 2	 33	 1.90	 0	 x	 l	 0
5	 2	 34	 10.00	 1	 left	 l	 1
5	 2	 35	 1.90	 0	 x	 r	 1
5	 2	 36	 1.90	 0	 x	 r	 1
5	 2	 37	 1.90	 1	 right	 r	 0
5	 2	 38	 1.90	 1	 right	 r	 0
5	 2	 39	 10.00	 1	 left	 l	 1
5	 2	 40	 1.90	 1	 right	 r	 0
5	 2	 41	 1.90	 0	 x	 l	 0
5	 2	 42	 10.00	 0	 x	 r	 1
5	 2	 43	 10.00	 1	 right	 l	 1
5	 2	 44	 1.90	 0	 x	 r	 1
5	 2	 45	 10.00	 0	 x	 r	 1
5	 2	 46	 1.90	 1	 right	 r	 0
5	 2	 47	 1.90	 1	 right	 r	 0
5	 2	 48	 1.90	 0	 x	 l	 0
5	 2	 49	 10.00	 0	 x	 l	 0
5	 2	 50	 10.00	 1	 right	 l	 1
5	 2	 51	 10.00	 0	 x	 l	 0
5	 2	 52	 1.90	 0	 x	 r	 1
5	 2	 53	 10.00	 0	 x	 l	 0
5	 2	 54	 10.00	 0	 x	 l	 0
5	 2	 55	 10.00	 0	 x	 l	 0
5	 2	 56	 1.90	 1	 right	 r	 0
5	 2	 57	 10.00	 0	 x	 r	 1
5	 2	 58	 10.00	 1	 left	 l	 1
5	 2	 59	 10.00	 1	 right	 l	 1
5	 2	 60	 1.90	 1	 left	 r	 0
5	 2	 61	 1.90	 0	 x	 l	 0
5	 2	 62	 10.00	 0	 x	 r	 1
5	 2	 63	 1.90	 0	 x	 r	 1
5	 2	 64	 1.90	 0	 x	 r	 1
5	 2	 65	 1.90	 1	 left	 l	 1
5	 2	 66	 1.90	 1	 left	 r	 0
5	 2	 67	 1.90	 1	 right	 l	 1
5	 2	 68	 10.00	 1	 left	 l	 1
5	 2	 69	 1.90	 1	 left	 l	 1
5	 2	 70	 1.90	 1	 right	 l	 1
5	 2	 71	 1.90	 1	 left	 r	 0
5	 2	 72	 10.00	 1	 left	 l	 1
5	 2	 73	 1.90	 1	 left	 l	 1
5	 2	 74	 10.00	 0	 x	 r	 1
5	 2	 75	 1.90	 1	 left	 l	 1
5	 2	 76	 1.90	 0	 x	 r	 1
5	 2	 77	 10.00	 0	 x	 r	 1
5	 2	 78	 1.90	 0	 x	 r	 1
5	 2	 79	 10.00	 1	 left	 l	 1
5	 2	 80	 10.00	 1	 left	 l	 1
6	 1	 1	 1.90	 0	 x	 r	 1
6	 1	 2	 1.90	 1	 right	 r	 0
6	 1	 3	 10.00	 1	 left	 l	 1
6	 1	 4	 10.00	 1	 right	 l	 1
6	 1	 5	 10.00	 1	 left	 l	 1
6	 1	 6	 1.90	 0	 x	 r	 1
6	 1	 7	 1.90	 1	 right	 r	 0
6	 1	 8	 1.90	 1	 left	 l	 1
6	 1	 9	 10.00	 0	 x	 r	 1
6	 1	 10	 1.90	 1	 right	 l	 1
6	 1	 11	 10.00	 1	 left	 l	 1
6	 1	 12	 1.90	 0	 x	 r	 1
6	 1	 13	 10.00	 0	 x	 r	 1
6	 1	 14	 1.90	 0	 x	 l	 0
6	 1	 15	 1.90	 0	 x	 l	 0
6	 1	 16	 1.90	 0	 x	 r	 1
6	 1	 17	 1.90	 1	 right	 l	 1
6	 1	 18	 1.90	 0	 x	 l	 0
6	 1	 19	 1.90	 1	 right	 l	 1
6	 1	 20	 10.00	 1	 right	 l	 1
6	 1	 21	 1.90	 1	 left	 l	 1
6	 1	 22	 10.00	 0	 x	 r	 1
6	 1	 23	 1.90	 1	 left	 l	 1
6	 1	 24	 10.00	 0	 x	 r	 1
6	 1	 25	 10.00	 0	 x	 r	 1
6	 1	 26	 1.90	 1	 right	 l	 1
6	 1	 27	 10.00	 0	 x	 r	 1
6	 1	 28	 1.90	 0	 x	 l	 0
6	 1	 29	 10.00	 0	 x	 r	 1
6	 1	 30	 1.90	 1	 right	 l	 1
6	 1	 31	 1.90	 0	 x	 r	 1
6	 1	 32	 10.00	 1	 left	 l	 1
6	 1	 33	 1.90	 0	 x	 r	 1
6	 1	 34	 10.00	 1	 left	 l	 1
6	 1	 35	 10.00	 1	 right	 l	 1
6	 1	 36	 10.00	 0	 x	 r	 1
6	 1	 37	 10.00	 0	 x	 r	 1
6	 1	 38	 1.90	 1	 right	 l	 1
6	 1	 39	 10.00	 0	 x	 r	 1
6	 1	 40	 10.00	 1	 left	 l	 1
6	 1	 41	 10.00	 1	 right	 l	 1
6	 1	 42	 1.90	 1	 left	 r	 0
6	 1	 43	 10.00	 1	 left	 l	 1
6	 1	 44	 10.00	 0	 x	 r	 1
6	 1	 45	 1.90	 1	 left	 l	 1
6	 1	 46	 1.90	 0	 x	 r	 1
6	 1	 47	 10.00	 0	 x	 r	 1
6	 1	 48	 10.00	 0	 x	 r	 1
6	 1	 49	 10.00	 0	 x	 r	 1
6	 1	 50	 10.00	 1	 right	 l	 1
6	 1	 51	 10.00	 1	 right	 l	 1
6	 1	 52	 10.00	 1	 left	 l	 1
6	 1	 53	 1.90	 1	 right	 r	 0
6	 1	 54	 1.90	 0	 x	 l	 0
6	 1	 55	 10.00	 0	 x	 r	 1
6	 1	 56	 10.00	 1	 right	 l	 1
6	 1	 57	 10.00	 0	 x	 r	 1
6	 1	 58	 1.90	 1	 left	 l	 1
6	 1	 59	 10.00	 0	 x	 r	 1
6	 1	 60	 10.00	 0	 x	 r	 1
6	 1	 61	 1.90	 0	 x	 r	 1
6	 1	 62	 1.90	 0	 x	 l	 0
6	 1	 63	 1.90	 1	 left	 l	 1
6	 1	 64	 10.00	 1	 left	 l	 1
6	 1	 65	 10.00	 1	 right	 l	 1
6	 1	 66	 1.90	 0	 x	 l	 0
6	 1	 67	 10.00	 1	 left	 l	 1
6	 1	 68	 1.90	 0	 x	 r	 1
6	 1	 69	 1.90	 1	 right	 r	 0
6	 1	 70	 1.90	 0	 x	 l	 0
6	 1	 71	 1.90	 0	 x	 r	 1
6	 1	 72	 1.90	 1	 left	 r	 0
6	 1	 73	 1.90	 1	 left	 l	 1
6	 1	 74	 1.90	 0	 x	 l	 0
6	 1	 75	 1.90	 0	 x	 r	 1
6	 1	 76	 10.00	 0	 x	 r	 1
6	 1	 77	 10.00	 1	 right	 l	 1
6	 1	 78	 10.00	 1	 right	 l	 1
6	 1	 79	 1.90	 1	 left	 l	 1
6	 1	 80	 10.00	 0	 x	 r	 1
6	 2	 1	 10.00	 0	 x	 r	 1
6	 2	 2	 10.00	 0	 x	 r	 1
6	 2	 3	 10.00	 0	 x	 r	 1
6	 2	 4	 10.00	 1	 right	 l	 1
6	 2	 5	 1.90	 1	 right	 l	 1
6	 2	 6	 1.90	 1	 left	 r	 0
6	 2	 7	 1.90	 0	 x	 l	 0
6	 2	 8	 10.00	 1	 left	 l	 1
6	 2	 9	 1.90	 0	 x	 r	 1
6	 2	 10	 1.90	 0	 x	 l	 0
6	 2	 11	 1.90	 0	 x	 r	 1
6	 2	 12	 1.90	 0	 x	 r	 1
6	 2	 13	 1.90	 1	 right	 l	 1
6	 2	 14	 10.00	 1	 right	 l	 1
6	 2	 15	 10.00	 0	 x	 r	 1
6	 2	 16	 10.00	 1	 left	 l	 1
6	 2	 17	 10.00	 1	 left	 l	 1
6	 2	 18	 10.00	 1	 left	 l	 1
6	 2	 19	 10.00	 1	 left	 l	 1
6	 2	 20	 10.00	 1	 left	 l	 1
6	 2	 21	 1.90	 0	 x	 l	 0
6	 2	 22	 1.90	 0	 x	 r	 1
6	 2	 23	 10.00	 0	 x	 r	 1
6	 2	 24	 1.90	 1	 left	 l	 1
6	 2	 25	 10.00	 0	 x	 r	 1
6	 2	 26	 1.90	 0	 x	 l	 0
6	 2	 27	 10.00	 0	 x	 r	 1
6	 2	 28	 10.00	 1	 left	 l	 1
6	 2	 29	 10.00	 1	 right	 l	 1
6	 2	 30	 1.90	 1	 right	 l	 1
6	 2	 31	 10.00	 1	 left	 l	 1
6	 2	 32	 10.00	 0	 x	 r	 1
6	 2	 33	 1.90	 0	 x	 l	 0
6	 2	 34	 1.90	 0	 x	 r	 1
6	 2	 35	 10.00	 1	 right	 l	 1
6	 2	 36	 1.90	 1	 right	 l	 1
6	 2	 37	 1.90	 1	 left	 r	 0
6	 2	 38	 1.90	 1	 left	 l	 1
6	 2	 39	 1.90	 0	 x	 r	 1
6	 2	 40	 10.00	 0	 x	 r	 1
6	 2	 41	 1.90	 0	 x	 r	 1
6	 2	 42	 1.90	 0	 x	 r	 1
6	 2	 43	 10.00	 1	 left	 l	 1
6	 2	 44	 1.90	 0	 x	 r	 1
6	 2	 45	 1.90	 1	 right	 l	 1
6	 2	 46	 1.90	 0	 x	 r	 1
6	 2	 47	 1.90	 1	 left	 l	 1
6	 2	 48	 10.00	 0	 x	 r	 1
6	 2	 49	 10.00	 0	 x	 r	 1
6	 2	 50	 1.90	 1	 left	 l	 1
6	 2	 51	 10.00	 1	 right	 l	 1
6	 2	 52	 1.90	 0	 x	 r	 1
6	 2	 53	 1.90	 0	 x	 r	 1
6	 2	 54	 1.90	 0	 x	 l	 0
6	 2	 55	 1.90	 1	 left	 l	 1
6	 2	 56	 10.00	 1	 right	 l	 1
6	 2	 57	 1.90	 1	 right	 l	 1
6	 2	 58	 10.00	 0	 x	 r	 1
6	 2	 59	 10.00	 1	 right	 l	 1
6	 2	 60	 10.00	 0	 x	 r	 1
6	 2	 61	 10.00	 1	 right	 l	 1
6	 2	 62	 10.00	 0	 x	 r	 1
6	 2	 63	 10.00	 0	 x	 r	 1
6	 2	 64	 10.00	 1	 right	 l	 1
6	 2	 65	 10.00	 0	 x	 r	 1
6	 2	 66	 1.90	 0	 x	 r	 1
6	 2	 67	 1.90	 1	 right	 l	 1
6	 2	 68	 10.00	 1	 left	 l	 1
6	 2	 69	 1.90	 1	 right	 r	 0
6	 2	 70	 1.90	 1	 right	 l	 1
6	 2	 71	 10.00	 0	 x	 r	 1
6	 2	 72	 10.00	 0	 x	 r	 1
6	 2	 73	 1.90	 1	 left	 l	 1
6	 2	 74	 10.00	 1	 right	 l	 1
6	 2	 75	 1.90	 1	 right	 l	 1
6	 2	 76	 1.90	 1	 left	 l	 1
6	 2	 77	 10.00	 0	 x	 r	 1
6	 2	 78	 1.90	 0	 x	 r	 1
6	 2	 79	 1.90	 1	 left	 r	 0
6	 2	 80	 10.00	 0	 x	 r	 1
7	 1	 1	 1.90	 0	 x	 r	 1
7	 1	 2	 10.00	 1	 right	 l	 1
7	 1	 3	 10.00	 1	 left	 l	 1
7	 1	 4	 10.00	 0	 x	 r	 1
7	 1	 5	 1.90	 0	 x	 l	 0
7	 1	 6	 1.90	 0	 x	 l	 0
7	 1	 7	 10.00	 0	 x	 l	 0
7	 1	 8	 10.00	 1	 right	 r	 0
7	 1	 9	 1.90	 0	 x	 r	 1
7	 1	 10	 10.00	 1	 left	 l	 1
7	 1	 11	 10.00	 0	 x	 r	 1
7	 1	 12	 10.00	 1	 right	 l	 1
7	 1	 13	 10.00	 1	 right	 l	 1
7	 1	 14	 10.00	 1	 right	 l	 1
7	 1	 15	 1.90	 1	 left	 r	 0
7	 1	 16	 1.90	 1	 left	 l	 1
7	 1	 17	 10.00	 0	 x	 l	 0
7	 1	 18	 1.90	 1	 left	 r	 0
7	 1	 19	 1.90	 0	 x	 l	 0
7	 1	 20	 1.90	 0	 x	 r	 1
7	 1	 21	 10.00	 0	 x	 r	 1
7	 1	 22	 1.90	 1	 left	 r	 0
7	 1	 23	 10.00	 0	 x	 r	 1
7	 1	 24	 1.90	 1	 right	 r	 0
7	 1	 25	 10.00	 0	 x	 r	 1
7	 1	 26	 1.90	 0	 x	 l	 0
7	 1	 27	 10.00	 1	 left	 l	 1
7	 1	 28	 10.00	 1	 right	 l	 1
7	 1	 29	 10.00	 1	 left	 l	 1
7	 1	 30	 10.00	 0	 x	 r	 1
7	 1	 31	 1.90	 1	 right	 r	 0
7	 1	 32	 1.90	 1	 right	 r	 0
7	 1	 33	 1.90	 1	 left	 l	 1
7	 1	 34	 1.90	 1	 left	 r	 0
7	 1	 35	 10.00	 1	 left	 l	 1
7	 1	 36	 10.00	 0	 x	 r	 1
7	 1	 37	 1.90	 0	 x	 l	 0
7	 1	 38	 10.00	 0	 x	 r	 1
7	 1	 39	 1.90	 1	 left	 l	 1
7	 1	 40	 10.00	 0	 x	 l	 0
7	 1	 41	 10.00	 0	 x	 l	 0
7	 1	 42	 1.90	 0	 x	 r	 1
7	 1	 43	 1.90	 0	 x	 r	 1
7	 1	 44	 1.90	 0	 x	 l	 0
7	 1	 45	 10.00	 0	 x	 r	 1
7	 1	 46	 10.00	 0	 x	 r	 1
7	 1	 47	 10.00	 0	 x	 r	 1
7	 1	 48	 1.90	 0	 x	 l	 0
7	 1	 49	 10.00	 0	 x	 r	 1
7	 1	 50	 10.00	 1	 left	 l	 1
7	 1	 51	 1.90	 1	 left	 r	 0
7	 1	 52	 1.90	 1	 right	 l	 1
7	 1	 53	 10.00	 1	 right	 l	 1
7	 1	 54	 1.90	 0	 x	 r	 1
7	 1	 55	 10.00	 1	 left	 l	 1
7	 1	 56	 1.90	 0	 x	 r	 1
7	 1	 57	 10.00	 1	 left	 l	 1
7	 1	 58	 1.90	 0	 x	 r	 1
7	 1	 59	 10.00	 1	 right	 l	 1
7	 1	 60	 10.00	 0	 x	 r	 1
7	 1	 61	 1.90	 1	 right	 l	 1
7	 1	 62	 1.90	 1	 left	 r	 0
7	 1	 63	 10.00	 1	 right	 l	 1
7	 1	 64	 10.00	 0	 x	 r	 1
7	 1	 65	 1.90	 1	 left	 r	 0
7	 1	 66	 10.00	 1	 left	 l	 1
7	 1	 67	 1.90	 0	 x	 l	 0
7	 1	 68	 1.90	 0	 x	 r	 1
7	 1	 69	 1.90	 1	 right	 r	 0
7	 1	 70	 1.90	 0	 x	 l	 0
7	 1	 71	 10.00	 1	 right	 l	 1
7	 1	 72	 10.00	 0	 x	 r	 1
7	 1	 73	 1.90	 0	 x	 r	 1
7	 1	 74	 1.90	 1	 right	 r	 0
7	 1	 75	 10.00	 1	 left	 l	 1
7	 1	 76	 1.90	 1	 right	 r	 0
7	 1	 77	 1.90	 1	 right	 r	 0
7	 1	 78	 10.00	 0	 x	 r	 1
7	 1	 79	 1.90	 0	 x	 l	 0
7	 1	 80	 1.90	 1	 right	 r	 0
7	 2	 1	 10.00	 0	 x	 l	 0
7	 2	 2	 1.90	 0	 x	 l	 0
7	 2	 3	 10.00	 0	 x	 r	 1
7	 2	 4	 1.90	 1	 right	 l	 1
7	 2	 5	 1.90	 1	 left	 l	 1
7	 2	 6	 10.00	 1	 right	 r	 0
7	 2	 7	 10.00	 0	 x	 r	 1
7	 2	 8	 1.90	 0	 x	 l	 0
7	 2	 9	 10.00	 1	 right	 l	 1
7	 2	 10	 10.00	 0	 x	 r	 1
7	 2	 11	 1.90	 0	 x	 r	 1
7	 2	 12	 10.00	 1	 right	 l	 1
7	 2	 13	 10.00	 1	 left	 l	 1
7	 2	 14	 10.00	 0	 x	 r	 1
7	 2	 15	 1.90	 1	 right	 l	 1
7	 2	 16	 1.90	 0	 x	 r	 1
7	 2	 17	 10.00	 1	 left	 l	 1
7	 2	 18	 1.90	 0	 x	 l	 0
7	 2	 19	 1.90	 0	 x	 r	 1
7	 2	 20	 10.00	 1	 right	 l	 1
7	 2	 21	 10.00	 0	 x	 r	 1
7	 2	 22	 1.90	 0	 x	 r	 1
7	 2	 23	 1.90	 1	 left	 r	 0
7	 2	 24	 10.00	 1	 right	 l	 1
7	 2	 25	 10.00	 1	 right	 l	 1
7	 2	 26	 1.90	 1	 right	 l	 1
7	 2	 27	 10.00	 1	 right	 l	 1
7	 2	 28	 1.90	 1	 right	 l	 1
7	 2	 29	 10.00	 1	 left	 l	 1
7	 2	 30	 1.90	 0	 x	 r	 1
7	 2	 31	 10.00	 0	 x	 r	 1
7	 2	 32	 10.00	 0	 x	 r	 1
7	 2	 33	 1.90	 1	 right	 l	 1
7	 2	 34	 1.90	 1	 left	 r	 0
7	 2	 35	 10.00	 1	 left	 l	 1
7	 2	 36	 10.00	 1	 right	 l	 1
7	 2	 37	 1.90	 1	 right	 l	 1
7	 2	 38	 10.00	 1	 left	 l	 1
7	 2	 39	 10.00	 1	 left	 l	 1
7	 2	 40	 1.90	 0	 x	 r	 1
7	 2	 41	 1.90	 1	 left	 r	 0
7	 2	 42	 10.00	 0	 x	 r	 1
7	 2	 43	 10.00	 0	 x	 r	 1
7	 2	 44	 1.90	 0	 x	 r	 1
7	 2	 45	 1.90	 1	 left	 r	 0
7	 2	 46	 1.90	 1	 right	 l	 1
7	 2	 47	 10.00	 0	 x	 r	 1
7	 2	 48	 10.00	 0	 x	 r	 1
7	 2	 49	 1.90	 1	 left	 l	 1
7	 2	 50	 10.00	 1	 right	 l	 1
7	 2	 51	 1.90	 0	 x	 l	 0
7	 2	 52	 1.90	 1	 right	 l	 1
7	 2	 53	 1.90	 0	 x	 l	 0
7	 2	 54	 1.90	 1	 right	 l	 1
7	 2	 55	 10.00	 0	 x	 r	 1
7	 2	 56	 10.00	 0	 x	 r	 1
7	 2	 57	 10.00	 0	 x	 r	 1
7	 2	 58	 1.90	 0	 x	 l	 0
7	 2	 59	 10.00	 0	 x	 r	 1
7	 2	 60	 1.90	 0	 x	 l	 0
7	 2	 61	 10.00	 1	 left	 l	 1
7	 2	 62	 1.90	 0	 x	 r	 1
7	 2	 63	 1.90	 0	 x	 r	 1
7	 2	 64	 10.00	 0	 x	 r	 1
7	 2	 65	 1.90	 1	 left	 r	 0
7	 2	 66	 10.00	 1	 left	 l	 1
7	 2	 67	 1.90	 1	 left	 r	 0
7	 2	 68	 1.90	 0	 x	 l	 0
7	 2	 69	 10.00	 1	 left	 l	 1
7	 2	 70	 1.90	 1	 right	 l	 1
7	 2	 71	 1.90	 1	 left	 r	 0
7	 2	 72	 1.90	 0	 x	 l	 0
7	 2	 73	 10.00	 1	 left	 l	 1
7	 2	 74	 1.90	 0	 x	 r	 1
7	 2	 75	 1.90	 1	 left	 r	 0
7	 2	 76	 10.00	 1	 right	 l	 1
7	 2	 77	 10.00	 0	 x	 r	 1
7	 2	 78	 10.00	 0	 x	 r	 1
7	 2	 79	 10.00	 0	 x	 r	 1
7	 2	 80	 1.90	 0	 x	 l	 0
8	 1	 1	 1.90	 0	 x	 l	 0
8	 1	 2	 1.90	 0	 x	 l	 0
8	 1	 3	 10.00	 0	 x	 l	 0
8	 1	 4	 1.90	 1	 right	 l	 1
8	 1	 5	 10.00	 0	 x	 r	 1
8	 1	 6	 1.90	 0	 x	 l	 0
8	 1	 7	 1.90	 0	 x	 r	 1
8	 1	 8	 10.00	 1	 right	 l	 1
8	 1	 9	 10.00	 1	 right	 l	 1
8	 1	 10	 10.00	 1	 left	 l	 1
8	 1	 11	 1.90	 0	 x	 l	 0
8	 1	 12	 1.90	 1	 right	 l	 1
8	 1	 13	 1.90	 1	 right	 r	 0
8	 1	 14	 10.00	 0	 x	 r	 1
8	 1	 15	 1.90	 1	 right	 l	 1
8	 1	 16	 10.00	 0	 x	 r	 1
8	 1	 17	 1.90	 1	 left	 l	 1
8	 1	 18	 10.00	 1	 right	 l	 1
8	 1	 19	 10.00	 1	 right	 l	 1
8	 1	 20	 1.90	 0	 x	 l	 0
8	 1	 21	 1.90	 0	 x	 l	 0
8	 1	 22	 10.00	 0	 x	 r	 1
8	 1	 23	 10.00	 0	 x	 r	 1
8	 1	 24	 10.00	 1	 right	 l	 1
8	 1	 25	 1.90	 1	 left	 l	 1
8	 1	 26	 1.90	 0	 x	 l	 0
8	 1	 27	 1.90	 1	 right	 l	 1
8	 1	 28	 10.00	 1	 left	 l	 1
8	 1	 29	 1.90	 1	 right	 l	 1
8	 1	 30	 1.90	 1	 left	 r	 0
8	 1	 31	 1.90	 0	 x	 r	 1
8	 1	 32	 1.90	 0	 x	 r	 1
8	 1	 33	 1.90	 1	 left	 r	 0
8	 1	 34	 1.90	 0	 x	 r	 1
8	 1	 35	 1.90	 0	 x	 l	 0
8	 1	 36	 1.90	 0	 x	 l	 0
8	 1	 37	 1.90	 1	 left	 l	 1
8	 1	 38	 10.00	 1	 left	 l	 1
8	 1	 39	 1.90	 1	 left	 l	 1
8	 1	 40	 10.00	 0	 x	 r	 1
8	 1	 41	 1.90	 0	 x	 l	 0
8	 1	 42	 10.00	 0	 x	 r	 1
8	 1	 43	 10.00	 0	 x	 r	 1
8	 1	 44	 1.90	 0	 x	 r	 1
8	 1	 45	 10.00	 0	 x	 r	 1
8	 1	 46	 10.00	 1	 right	 l	 1
8	 1	 47	 10.00	 0	 x	 r	 1
8	 1	 48	 1.90	 0	 x	 r	 1
8	 1	 49	 10.00	 0	 x	 r	 1
8	 1	 50	 1.90	 1	 right	 l	 1
8	 1	 51	 10.00	 0	 x	 r	 1
8	 1	 52	 10.00	 1	 left	 l	 1
8	 1	 53	 10.00	 0	 x	 r	 1
8	 1	 54	 10.00	 1	 left	 l	 1
8	 1	 55	 1.90	 1	 left	 l	 1
8	 1	 56	 10.00	 1	 left	 l	 1
8	 1	 57	 10.00	 0	 x	 r	 1
8	 1	 58	 10.00	 0	 x	 r	 1
8	 1	 59	 10.00	 1	 right	 l	 1
8	 1	 60	 10.00	 0	 x	 r	 1
8	 1	 61	 1.90	 0	 x	 l	 0
8	 1	 62	 10.00	 1	 left	 l	 1
8	 1	 63	 1.90	 0	 x	 r	 1
8	 1	 64	 10.00	 0	 x	 r	 1
8	 1	 65	 10.00	 1	 right	 l	 1
8	 1	 66	 1.90	 1	 left	 l	 1
8	 1	 67	 1.90	 0	 x	 r	 1
8	 1	 68	 10.00	 1	 left	 l	 1
8	 1	 69	 1.90	 1	 left	 l	 1
8	 1	 70	 1.90	 0	 x	 r	 1
8	 1	 71	 1.90	 1	 right	 l	 1
8	 1	 72	 1.90	 1	 left	 l	 1
8	 1	 73	 10.00	 1	 left	 l	 1
8	 1	 74	 10.00	 1	 left	 l	 1
8	 1	 75	 1.90	 1	 right	 l	 1
8	 1	 76	 10.00	 1	 right	 l	 1
8	 1	 77	 10.00	 0	 x	 r	 1
8	 1	 78	 10.00	 1	 right	 l	 1
8	 1	 79	 1.90	 1	 right	 l	 1
8	 1	 80	 10.00	 0	 x	 r	 1
8	 2	 1	 10.00	 0	 x	 r	 1
8	 2	 2	 10.00	 0	 x	 r	 1
8	 2	 3	 10.00	 0	 x	 r	 1
8	 2	 4	 10.00	 1	 left	 l	 1
8	 2	 5	 10.00	 1	 right	 l	 1
8	 2	 6	 1.90	 0	 x	 l	 0
8	 2	 7	 1.90	 1	 right	 l	 1
8	 2	 8	 1.90	 0	 x	 r	 1
8	 2	 9	 1.90	 1	 right	 r	 0
8	 2	 10	 1.90	 0	 x	 r	 1
8	 2	 11	 1.90	 1	 right	 l	 1
8	 2	 12	 1.90	 1	 right	 r	 0
8	 2	 13	 10.00	 0	 x	 r	 1
8	 2	 14	 1.90	 1	 left	 l	 1
8	 2	 15	 1.90	 0	 x	 l	 0
8	 2	 16	 1.90	 1	 left	 l	 1
8	 2	 17	 10.00	 1	 left	 l	 1
8	 2	 18	 1.90	 1	 right	 l	 1
8	 2	 19	 10.00	 0	 x	 r	 1
8	 2	 20	 1.90	 0	 x	 l	 0
8	 2	 21	 10.00	 1	 left	 l	 1
8	 2	 22	 1.90	 0	 x	 r	 1
8	 2	 23	 10.00	 0	 x	 r	 1
8	 2	 24	 10.00	 0	 x	 r	 1
8	 2	 25	 10.00	 1	 left	 l	 1
8	 2	 26	 1.90	 0	 x	 r	 1
8	 2	 27	 1.90	 0	 x	 r	 1
8	 2	 28	 1.90	 0	 x	 r	 1
8	 2	 29	 1.90	 0	 x	 l	 0
8	 2	 30	 1.90	 1	 left	 l	 1
8	 2	 31	 10.00	 0	 x	 r	 1
8	 2	 32	 1.90	 1	 left	 l	 1
8	 2	 33	 1.90	 0	 x	 r	 1
8	 2	 34	 1.90	 1	 left	 r	 0
8	 2	 35	 10.00	 1	 right	 l	 1
8	 2	 36	 10.00	 1	 right	 l	 1
8	 2	 37	 1.90	 0	 x	 r	 1
8	 2	 38	 10.00	 1	 left	 l	 1
8	 2	 39	 1.90	 1	 left	 l	 1
8	 2	 40	 10.00	 1	 left	 l	 1
8	 2	 41	 10.00	 0	 x	 r	 1
8	 2	 42	 1.90	 1	 right	 l	 1
8	 2	 43	 1.90	 0	 x	 r	 1
8	 2	 44	 1.90	 1	 left	 l	 1
8	 2	 45	 1.90	 0	 x	 r	 1
8	 2	 46	 10.00	 1	 left	 l	 1
8	 2	 47	 10.00	 0	 x	 r	 1
8	 2	 48	 10.00	 0	 x	 r	 1
8	 2	 49	 10.00	 1	 right	 l	 1
8	 2	 50	 1.90	 0	 x	 r	 1
8	 2	 51	 10.00	 1	 right	 l	 1
8	 2	 52	 1.90	 1	 right	 l	 1
8	 2	 53	 10.00	 0	 x	 r	 1
8	 2	 54	 1.90	 1	 left	 l	 1
8	 2	 55	 10.00	 1	 right	 l	 1
8	 2	 56	 1.90	 0	 x	 r	 1
8	 2	 57	 10.00	 1	 left	 l	 1
8	 2	 58	 10.00	 1	 left	 l	 1
8	 2	 59	 1.90	 0	 x	 r	 1
8	 2	 60	 10.00	 0	 x	 r	 1
8	 2	 61	 10.00	 0	 x	 r	 1
8	 2	 62	 10.00	 0	 x	 r	 1
8	 2	 63	 1.90	 1	 right	 l	 1
8	 2	 64	 10.00	 0	 x	 r	 1
8	 2	 65	 10.00	 0	 x	 r	 1
8	 2	 66	 10.00	 1	 left	 l	 1
8	 2	 67	 1.90	 0	 x	 r	 1
8	 2	 68	 1.90	 0	 x	 r	 1
8	 2	 69	 10.00	 1	 right	 l	 1
8	 2	 70	 1.90	 1	 left	 l	 1
8	 2	 71	 1.90	 1	 left	 r	 0
8	 2	 72	 1.90	 1	 right	 l	 1
8	 2	 73	 10.00	 0	 x	 r	 1
8	 2	 74	 1.90	 0	 x	 r	 1
8	 2	 75	 10.00	 0	 x	 r	 1
8	 2	 76	 10.00	 1	 right	 l	 1
8	 2	 77	 10.00	 0	 x	 r	 1
8	 2	 78	 10.00	 1	 right	 l	 1
8	 2	 79	 1.90	 1	 right	 l	 1
8	 2	 80	 10.00	 1	 right	 l	 1
9	 1	 1	 10.00	 0	 x	 l	 0
9	 1	 2	 1.90	 1	 right	 r	 0
9	 1	 3	 1.90	 1	 left	 l	 1
9	 1	 4	 1.90	 1	 left	 r	 0
9	 1	 5	 1.90	 0	 x	 l	 0
9	 1	 6	 10.00	 0	 x	 r	 1
9	 1	 7	 1.90	 1	 right	 r	 0
9	 1	 8	 1.90	 1	 left	 l	 1
9	 1	 9	 10.00	 1	 right	 r	 0
9	 1	 10	 10.00	 1	 right	 r	 0
9	 1	 11	 1.90	 1	 right	 l	 1
9	 1	 12	 10.00	 1	 left	 l	 1
9	 1	 13	 10.00	 0	 x	 r	 1
9	 1	 14	 1.90	 0	 x	 l	 0
9	 1	 15	 10.00	 0	 x	 r	 1
9	 1	 16	 1.90	 1	 right	 l	 1
9	 1	 17	 1.90	 0	 x	 l	 0
9	 1	 18	 1.90	 1	 right	 r	 0
9	 1	 19	 1.90	 0	 x	 r	 1
9	 1	 20	 1.90	 1	 left	 r	 0
9	 1	 21	 1.90	 1	 left	 r	 0
9	 1	 22	 10.00	 0	 x	 r	 1
9	 1	 23	 10.00	 1	 left	 l	 1
9	 1	 24	 1.90	 1	 right	 r	 0
9	 1	 25	 10.00	 1	 left	 l	 1
9	 1	 26	 1.90	 1	 right	 r	 0
9	 1	 27	 1.90	 1	 left	 l	 1
9	 1	 28	 10.00	 0	 x	 r	 1
9	 1	 29	 1.90	 0	 x	 l	 0
9	 1	 30	 1.90	 0	 x	 l	 0
9	 1	 31	 10.00	 0	 x	 r	 1
9	 1	 32	 10.00	 0	 x	 r	 1
9	 1	 33	 10.00	 0	 x	 r	 1
9	 1	 34	 10.00	 0	 x	 r	 1
9	 1	 35	 10.00	 1	 right	 l	 1
9	 1	 36	 1.90	 0	 x	 r	 1
9	 1	 37	 1.90	 0	 x	 r	 1
9	 1	 38	 10.00	 0	 x	 r	 1
9	 1	 39	 1.90	 0	 x	 r	 1
9	 1	 40	 10.00	 1	 right	 l	 1
9	 1	 41	 10.00	 0	 x	 r	 1
9	 1	 42	 1.90	 0	 x	 l	 0
9	 1	 43	 1.90	 0	 x	 r	 1
9	 1	 44	 1.90	 0	 x	 l	 0
9	 1	 45	 10.00	 1	 right	 l	 1
9	 1	 46	 1.90	 0	 x	 l	 0
9	 1	 47	 10.00	 1	 left	 l	 1
9	 1	 48	 10.00	 0	 x	 r	 1
9	 1	 49	 10.00	 1	 left	 l	 1
9	 1	 50	 1.90	 0	 x	 l	 0
9	 1	 51	 10.00	 1	 left	 l	 1
9	 1	 52	 10.00	 1	 right	 l	 1
9	 1	 53	 1.90	 1	 left	 r	 0
9	 1	 54	 1.90	 0	 x	 l	 0
9	 1	 55	 1.90	 0	 x	 l	 0
9	 1	 56	 10.00	 1	 right	 l	 1
9	 1	 57	 10.00	 1	 left	 l	 1
9	 1	 58	 1.90	 1	 right	 l	 1
9	 1	 59	 1.90	 1	 right	 l	 1
9	 1	 60	 10.00	 1	 right	 l	 1
9	 1	 61	 10.00	 1	 right	 l	 1
9	 1	 62	 10.00	 0	 x	 r	 1
9	 1	 63	 1.90	 1	 left	 l	 1
9	 1	 64	 10.00	 0	 x	 r	 1
9	 1	 65	 10.00	 1	 left	 l	 1
9	 1	 66	 1.90	 0	 x	 l	 0
9	 1	 67	 1.90	 1	 left	 r	 0
9	 1	 68	 1.90	 1	 right	 l	 1
9	 1	 69	 10.00	 1	 left	 l	 1
9	 1	 70	 10.00	 0	 x	 r	 1
9	 1	 71	 1.90	 1	 left	 l	 1
9	 1	 72	 1.90	 0	 x	 l	 0
9	 1	 73	 10.00	 1	 left	 l	 1
9	 1	 74	 1.90	 0	 x	 l	 0
9	 1	 75	 10.00	 1	 right	 l	 1
9	 1	 76	 10.00	 0	 x	 l	 0
9	 1	 77	 10.00	 0	 x	 r	 1
9	 1	 78	 1.90	 0	 x	 l	 0
9	 1	 79	 10.00	 0	 x	 r	 1
9	 1	 80	 10.00	 0	 x	 r	 1
9	 2	 1	 1.90	 1	 left	 l	 1
9	 2	 2	 1.90	 0	 x	 l	 0
9	 2	 3	 1.90	 0	 x	 l	 0
9	 2	 4	 1.90	 0	 x	 r	 1
9	 2	 5	 10.00	 1	 left	 l	 1
9	 2	 6	 1.90	 1	 left	 l	 1
9	 2	 7	 1.90	 0	 x	 l	 0
9	 2	 8	 10.00	 0	 x	 r	 1
9	 2	 9	 10.00	 0	 x	 r	 1
9	 2	 10	 1.90	 0	 x	 r	 1
9	 2	 11	 1.90	 0	 x	 r	 1
9	 2	 12	 1.90	 1	 right	 l	 1
9	 2	 13	 10.00	 0	 x	 r	 1
9	 2	 14	 1.90	 1	 right	 l	 1
9	 2	 15	 10.00	 1	 right	 l	 1
9	 2	 16	 10.00	 0	 x	 r	 1
9	 2	 17	 1.90	 0	 x	 r	 1
9	 2	 18	 10.00	 1	 left	 l	 1
9	 2	 19	 1.90	 1	 right	 l	 1
9	 2	 20	 1.90	 1	 right	 l	 1
9	 2	 21	 10.00	 0	 x	 l	 0
9	 2	 22	 1.90	 1	 right	 l	 1
9	 2	 23	 10.00	 1	 right	 l	 1
9	 2	 24	 1.90	 1	 left	 l	 1
9	 2	 25	 10.00	 0	 x	 r	 1
9	 2	 26	 1.90	 1	 left	 l	 1
9	 2	 27	 10.00	 0	 x	 l	 0
9	 2	 28	 10.00	 0	 x	 r	 1
9	 2	 29	 10.00	 0	 x	 r	 1
9	 2	 30	 10.00	 0	 x	 r	 1
9	 2	 31	 10.00	 1	 right	 l	 1
9	 2	 32	 1.90	 1	 left	 l	 1
9	 2	 33	 10.00	 1	 left	 l	 1
9	 2	 34	 1.90	 1	 left	 l	 1
9	 2	 35	 1.90	 0	 x	 l	 0
9	 2	 36	 1.90	 0	 x	 l	 0
9	 2	 37	 10.00	 1	 right	 l	 1
9	 2	 38	 10.00	 0	 x	 r	 1
9	 2	 39	 10.00	 1	 left	 l	 1
9	 2	 40	 10.00	 1	 right	 l	 1
9	 2	 41	 10.00	 1	 left	 l	 1
9	 2	 42	 10.00	 1	 right	 l	 1
9	 2	 43	 1.90	 0	 x	 l	 0
9	 2	 44	 10.00	 1	 left	 l	 1
9	 2	 45	 10.00	 0	 x	 r	 1
9	 2	 46	 1.90	 0	 x	 l	 0
9	 2	 47	 1.90	 0	 x	 l	 0
9	 2	 48	 10.00	 0	 x	 r	 1
9	 2	 49	 10.00	 1	 left	 l	 1
9	 2	 50	 10.00	 0	 x	 r	 1
9	 2	 51	 10.00	 0	 x	 r	 1
9	 2	 52	 10.00	 0	 x	 r	 1
9	 2	 53	 1.90	 0	 x	 l	 0
9	 2	 54	 10.00	 1	 right	 l	 1
9	 2	 55	 1.90	 0	 x	 r	 1
9	 2	 56	 1.90	 1	 left	 l	 1
9	 2	 57	 1.90	 0	 x	 l	 0
9	 2	 58	 10.00	 0	 x	 r	 1
9	 2	 59	 10.00	 1	 left	 l	 1
9	 2	 60	 1.90	 0	 x	 l	 0
9	 2	 61	 10.00	 1	 right	 l	 1
9	 2	 62	 10.00	 1	 left	 l	 1
9	 2	 63	 1.90	 0	 x	 l	 0
9	 2	 64	 1.90	 1	 right	 l	 1
9	 2	 65	 1.90	 0	 x	 l	 0
9	 2	 66	 1.90	 1	 left	 l	 1
9	 2	 67	 1.90	 1	 left	 r	 0
9	 2	 68	 10.00	 0	 x	 r	 1
9	 2	 69	 10.00	 1	 right	 l	 1
9	 2	 70	 1.90	 0	 x	 l	 0
9	 2	 71	 1.90	 0	 x	 r	 1
9	 2	 72	 10.00	 1	 left	 l	 1
9	 2	 73	 10.00	 0	 x	 r	 1
9	 2	 74	 10.00	 0	 x	 r	 1
9	 2	 75	 1.90	 1	 right	 l	 1
9	 2	 76	 1.90	 1	 right	 l	 1
9	 2	 77	 1.90	 1	 left	 r	 0
9	 2	 78	 1.90	 1	 right	 r	 0
9	 2	 79	 1.90	 1	 right	 l	 1
9	 2	 80	 10.00	 1	 right	 l	 1
10	 1	 1	 1.90	 0	 x	 l	 0
10	 1	 2	 10.00	 1	 right	 l	 1
10	 1	 3	 10.00	 0	 x	 l	 0
10	 1	 4	 1.90	 0	 x	 l	 0
10	 1	 5	 1.90	 0	 x	 r	 1
10	 1	 6	 10.00	 1	 right	 r	 0
10	 1	 7	 10.00	 1	 right	 l	 1
10	 1	 8	 10.00	 0	 x	 l	 0
10	 1	 9	 1.90	 1	 right	 l	 1
10	 1	 10	 1.90	 1	 right	 l	 1
10	 1	 11	 10.00	 0	 x	 r	 1
10	 1	 12	 1.90	 1	 right	 l	 1
10	 1	 13	 10.00	 0	 x	 l	 0
10	 1	 14	 10.00	 1	 right	 r	 0
10	 1	 15	 1.90	 1	 left	 r	 0
10	 1	 16	 10.00	 0	 x	 l	 0
10	 1	 17	 1.90	 1	 right	 r	 0
10	 1	 18	 10.00	 1	 left	 l	 1
10	 1	 19	 1.90	 1	 left	 l	 1
10	 1	 20	 1.90	 0	 x	 l	 0
10	 1	 21	 1.90	 0	 x	 r	 1
10	 1	 22	 10.00	 0	 x	 l	 0
10	 1	 23	 10.00	 1	 left	 l	 1
10	 1	 24	 10.00	 0	 x	 r	 1
10	 1	 25	 1.90	 1	 left	 l	 1
10	 1	 26	 10.00	 0	 x	 l	 0
10	 1	 27	 1.90	 1	 right	 l	 1
10	 1	 28	 10.00	 1	 left	 r	 0
10	 1	 29	 10.00	 0	 x	 l	 0
10	 1	 30	 1.90	 0	 x	 l	 0
10	 1	 31	 10.00	 0	 x	 l	 0
10	 1	 32	 1.90	 1	 right	 r	 0
10	 1	 33	 1.90	 1	 right	 r	 0
10	 1	 34	 10.00	 1	 right	 l	 1
10	 1	 35	 10.00	 0	 x	 l	 0
10	 1	 36	 1.90	 1	 left	 l	 1
10	 1	 37	 1.90	 1	 left	 l	 1
10	 1	 38	 1.90	 1	 left	 l	 1
10	 1	 39	 1.90	 0	 x	 l	 0
10	 1	 40	 10.00	 1	 left	 l	 1
10	 1	 41	 10.00	 0	 x	 l	 0
10	 1	 42	 10.00	 1	 left	 r	 0
10	 1	 43	 1.90	 0	 x	 l	 0
10	 1	 44	 10.00	 0	 x	 l	 0
10	 1	 45	 10.00	 0	 x	 r	 1
10	 1	 46	 10.00	 1	 right	 l	 1
10	 1	 47	 1.90	 1	 right	 r	 0
10	 1	 48	 1.90	 0	 x	 l	 0
10	 1	 49	 10.00	 1	 left	 r	 0
10	 1	 50	 1.90	 0	 x	 l	 0
10	 1	 51	 1.90	 1	 left	 r	 0
10	 1	 52	 1.90	 0	 x	 l	 0
10	 1	 53	 1.90	 1	 right	 l	 1
10	 1	 54	 1.90	 1	 right	 l	 1
10	 1	 55	 1.90	 1	 left	 l	 1
10	 1	 56	 1.90	 1	 left	 l	 1
10	 1	 57	 10.00	 1	 left	 l	 1
10	 1	 58	 10.00	 0	 x	 l	 0
10	 1	 59	 1.90	 0	 x	 l	 0
10	 1	 60	 1.90	 1	 left	 r	 0
10	 1	 61	 10.00	 1	 right	 l	 1
10	 1	 62	 1.90	 0	 x	 l	 0
10	 1	 63	 1.90	 0	 x	 r	 1
10	 1	 64	 10.00	 1	 right	 r	 0
10	 1	 65	 10.00	 0	 x	 l	 0
10	 1	 66	 10.00	 0	 x	 l	 0
10	 1	 67	 10.00	 0	 x	 r	 1
10	 1	 68	 10.00	 1	 right	 r	 0
10	 1	 69	 1.90	 0	 x	 l	 0
10	 1	 70	 10.00	 1	 left	 r	 0
10	 1	 71	 1.90	 0	 x	 r	 1
10	 1	 72	 10.00	 1	 left	 r	 0
10	 1	 73	 1.90	 0	 x	 l	 0
10	 1	 74	 1.90	 0	 x	 r	 1
10	 1	 75	 10.00	 1	 right	 l	 1
10	 1	 76	 10.00	 1	 left	 r	 0
10	 1	 77	 10.00	 0	 x	 l	 0
10	 1	 78	 1.90	 0	 x	 r	 1
10	 1	 79	 1.90	 0	 x	 r	 1
10	 1	 80	 10.00	 0	 x	 l	 0
10	 2	 1	 10.00	 1	 left	 r	 0
10	 2	 2	 1.90	 0	 x	 r	 1
10	 2	 3	 1.90	 1	 right	 r	 0
10	 2	 4	 10.00	 0	 x	 l	 0
10	 2	 5	 1.90	 1	 left	 l	 1
10	 2	 6	 1.90	 0	 x	 r	 1
10	 2	 7	 1.90	 0	 x	 l	 0
10	 2	 8	 1.90	 1	 left	 l	 1
10	 2	 9	 1.90	 0	 x	 r	 1
10	 2	 10	 1.90	 1	 right	 l	 1
10	 2	 11	 1.90	 1	 left	 l	 1
10	 2	 12	 10.00	 0	 x	 r	 1
10	 2	 13	 10.00	 1	 right	 r	 0
10	 2	 14	 1.90	 0	 x	 l	 0
10	 2	 15	 1.90	 1	 right	 l	 1
10	 2	 16	 1.90	 0	 x	 r	 1
10	 2	 17	 10.00	 0	 x	 l	 0
10	 2	 18	 1.90	 0	 x	 r	 1
10	 2	 19	 10.00	 0	 x	 r	 1
10	 2	 20	 10.00	 0	 x	 r	 1
10	 2	 21	 10.00	 1	 left	 l	 1
10	 2	 22	 10.00	 1	 left	 r	 0
10	 2	 23	 10.00	 0	 x	 l	 0
10	 2	 24	 10.00	 1	 left	 l	 1
10	 2	 25	 1.90	 0	 x	 l	 0
10	 2	 26	 10.00	 0	 x	 r	 1
10	 2	 27	 1.90	 1	 left	 l	 1
10	 2	 28	 1.90	 0	 x	 l	 0
10	 2	 29	 10.00	 1	 right	 r	 0
10	 2	 30	 1.90	 1	 right	 l	 1
10	 2	 31	 10.00	 0	 x	 r	 1
10	 2	 32	 1.90	 1	 left	 r	 0
10	 2	 33	 10.00	 1	 right	 r	 0
10	 2	 34	 1.90	 0	 x	 l	 0
10	 2	 35	 10.00	 1	 left	 l	 1
10	 2	 36	 10.00	 1	 left	 l	 1
10	 2	 37	 10.00	 0	 x	 l	 0
10	 2	 38	 1.90	 0	 x	 r	 1
10	 2	 39	 1.90	 1	 left	 l	 1
10	 2	 40	 10.00	 0	 x	 l	 0
10	 2	 41	 1.90	 1	 right	 r	 0
10	 2	 42	 10.00	 0	 x	 l	 0
10	 2	 43	 10.00	 1	 left	 r	 0
10	 2	 44	 1.90	 1	 left	 l	 1
10	 2	 45	 1.90	 0	 x	 l	 0
10	 2	 46	 1.90	 0	 x	 r	 1
10	 2	 47	 1.90	 0	 x	 l	 0
10	 2	 48	 10.00	 1	 right	 l	 1
10	 2	 49	 10.00	 0	 x	 r	 1
10	 2	 50	 1.90	 1	 right	 l	 1
10	 2	 51	 10.00	 1	 right	 l	 1
10	 2	 52	 10.00	 0	 x	 l	 0
10	 2	 53	 10.00	 1	 left	 l	 1
10	 2	 54	 1.90	 0	 x	 r	 1
10	 2	 55	 1.90	 1	 left	 l	 1
10	 2	 56	 1.90	 1	 right	 l	 1
10	 2	 57	 10.00	 1	 left	 l	 1
10	 2	 58	 10.00	 0	 x	 r	 1
10	 2	 59	 1.90	 0	 x	 r	 1
10	 2	 60	 10.00	 0	 x	 r	 1
10	 2	 61	 10.00	 0	 x	 r	 1
10	 2	 62	 1.90	 1	 right	 r	 0
10	 2	 63	 1.90	 0	 x	 l	 0
10	 2	 64	 10.00	 1	 right	 l	 1
10	 2	 65	 10.00	 1	 left	 l	 1
10	 2	 66	 1.90	 0	 x	 l	 0
10	 2	 67	 10.00	 1	 right	 l	 1
10	 2	 68	 10.00	 1	 right	 l	 1
10	 2	 69	 1.90	 1	 right	 l	 1
10	 2	 70	 10.00	 0	 x	 r	 1
10	 2	 71	 10.00	 0	 x	 l	 0
10	 2	 72	 1.90	 0	 x	 l	 0
10	 2	 73	 1.90	 1	 right	 r	 0
10	 2	 74	 1.90	 1	 left	 r	 0
10	 2	 75	 10.00	 0	 x	 l	 0
10	 2	 76	 1.90	 1	 left	 l	 1
10	 2	 77	 10.00	 0	 x	 l	 0
10	 2	 78	 1.90	 0	 x	 l	 0
10	 2	 79	 10.00	 1	 right	 l	 1
10	 2	 80	 10.00	 1	 right	 r	 0
11	 1	 1	 1.90	 0	 x	 r	 1
11	 1	 2	 1.90	 1	 right	 l	 1
11	 1	 3	 10.00	 0	 x	 r	 1
11	 1	 4	 1.90	 0	 x	 l	 0
11	 1	 5	 1.90	 0	 x	 l	 0
11	 1	 6	 1.90	 0	 x	 r	 1
11	 1	 7	 10.00	 0	 x	 r	 1
11	 1	 8	 10.00	 1	 right	 l	 1
11	 1	 9	 1.90	 1	 left	 l	 1
11	 1	 10	 1.90	 0	 x	 r	 1
11	 1	 11	 10.00	 0	 x	 r	 1
11	 1	 12	 10.00	 1	 left	 l	 1
11	 1	 13	 1.90	 1	 right	 r	 0
11	 1	 14	 1.90	 1	 left	 l	 1
11	 1	 15	 10.00	 0	 x	 r	 1
11	 1	 16	 1.90	 1	 right	 l	 1
11	 1	 17	 10.00	 0	 x	 l	 0
11	 1	 18	 10.00	 1	 left	 l	 1
11	 1	 19	 10.00	 0	 x	 r	 1
11	 1	 20	 10.00	 0	 x	 l	 0
11	 1	 21	 10.00	 0	 x	 r	 1
11	 1	 22	 1.90	 0	 x	 l	 0
11	 1	 23	 10.00	 0	 x	 l	 0
11	 1	 24	 1.90	 0	 x	 r	 1
11	 1	 25	 1.90	 0	 x	 r	 1
11	 1	 26	 10.00	 1	 right	 l	 1
11	 1	 27	 1.90	 0	 x	 l	 0
11	 1	 28	 10.00	 0	 x	 r	 1
11	 1	 29	 1.90	 1	 left	 r	 0
11	 1	 30	 1.90	 1	 left	 r	 0
11	 1	 31	 1.90	 1	 right	 l	 1
11	 1	 32	 1.90	 1	 left	 l	 1
11	 1	 33	 10.00	 1	 left	 l	 1
11	 1	 34	 10.00	 1	 left	 l	 1
11	 1	 35	 1.90	 1	 left	 r	 0
11	 1	 36	 10.00	 0	 x	 r	 1
11	 1	 37	 10.00	 1	 right	 l	 1
11	 1	 38	 10.00	 0	 x	 r	 1
11	 1	 39	 1.90	 1	 right	 l	 1
11	 1	 40	 10.00	 1	 right	 l	 1
11	 1	 41	 1.90	 1	 right	 r	 0
11	 1	 42	 10.00	 0	 x	 l	 0
11	 1	 43	 10.00	 1	 right	 l	 1
11	 1	 44	 1.90	 0	 x	 r	 1
11	 1	 45	 10.00	 1	 right	 l	 1
11	 1	 46	 10.00	 1	 right	 l	 1
11	 1	 47	 1.90	 1	 left	 l	 1
11	 1	 48	 1.90	 0	 x	 l	 0
11	 1	 49	 1.90	 0	 x	 l	 0
11	 1	 50	 10.00	 0	 x	 l	 0
11	 1	 51	 10.00	 1	 right	 l	 1
11	 1	 52	 1.90	 0	 x	 r	 1
11	 1	 53	 10.00	 0	 x	 r	 1
11	 1	 54	 1.90	 0	 x	 r	 1
11	 1	 55	 10.00	 1	 left	 l	 1
11	 1	 56	 1.90	 0	 x	 r	 1
11	 1	 57	 10.00	 1	 right	 l	 1
11	 1	 58	 1.90	 1	 left	 r	 0
11	 1	 59	 10.00	 0	 x	 r	 1
11	 1	 60	 10.00	 0	 x	 r	 1
11	 1	 61	 10.00	 0	 x	 r	 1
11	 1	 62	 10.00	 1	 left	 l	 1
11	 1	 63	 10.00	 1	 left	 l	 1
11	 1	 64	 10.00	 1	 left	 l	 1
11	 1	 65	 10.00	 1	 right	 l	 1
11	 1	 66	 10.00	 0	 x	 r	 1
11	 1	 67	 1.90	 0	 x	 r	 1
11	 1	 68	 1.90	 1	 left	 l	 1
11	 1	 69	 1.90	 1	 left	 r	 0
11	 1	 70	 10.00	 1	 left	 l	 1
11	 1	 71	 1.90	 1	 right	 l	 1
11	 1	 72	 1.90	 0	 x	 r	 1
11	 1	 73	 1.90	 0	 x	 x	 1
11	 1	 74	 1.90	 0	 x	 r	 1
11	 1	 75	 1.90	 1	 right	 l	 1
11	 1	 76	 1.90	 0	 x	 r	 1
11	 1	 77	 10.00	 0	 x	 r	 1
11	 1	 78	 1.90	 1	 right	 l	 1
11	 1	 79	 1.90	 1	 right	 r	 0
11	 1	 80	 10.00	 1	 left	 l	 1
11	 2	 1	 1.90	 1	 right	 l	 1
11	 2	 2	 10.00	 0	 x	 r	 1
11	 2	 3	 1.90	 1	 right	 l	 1
11	 2	 4	 10.00	 1	 left	 l	 1
11	 2	 5	 10.00	 1	 left	 l	 1
11	 2	 6	 10.00	 1	 right	 l	 1
11	 2	 7	 1.90	 1	 left	 l	 1
11	 2	 8	 10.00	 1	 left	 l	 1
11	 2	 9	 10.00	 0	 x	 r	 1
11	 2	 10	 1.90	 1	 left	 l	 1
11	 2	 11	 1.90	 0	 x	 l	 0
11	 2	 12	 10.00	 0	 x	 r	 1
11	 2	 13	 1.90	 0	 x	 l	 0
11	 2	 14	 10.00	 1	 left	 l	 1
11	 2	 15	 10.00	 0	 x	 r	 1
11	 2	 16	 10.00	 1	 right	 l	 1
11	 2	 17	 1.90	 1	 right	 l	 1
11	 2	 18	 1.90	 1	 left	 l	 1
11	 2	 19	 10.00	 1	 right	 l	 1
11	 2	 20	 1.90	 0	 x	 l	 0
11	 2	 21	 1.90	 0	 x	 r	 1
11	 2	 22	 1.90	 0	 x	 l	 0
11	 2	 23	 1.90	 0	 x	 r	 1
11	 2	 24	 10.00	 0	 x	 r	 1
11	 2	 25	 1.90	 1	 right	 l	 1
11	 2	 26	 10.00	 1	 left	 l	 1
11	 2	 27	 1.90	 0	 x	 r	 1
11	 2	 28	 10.00	 0	 x	 r	 1
11	 2	 29	 1.90	 1	 left	 l	 1
11	 2	 30	 10.00	 0	 x	 r	 1
11	 2	 31	 10.00	 0	 x	 r	 1
11	 2	 32	 1.90	 0	 x	 l	 0
11	 2	 33	 10.00	 0	 x	 r	 1
11	 2	 34	 1.90	 0	 x	 r	 1
11	 2	 35	 10.00	 1	 left	 l	 1
11	 2	 36	 10.00	 0	 x	 r	 1
11	 2	 37	 10.00	 1	 left	 l	 1
11	 2	 38	 10.00	 0	 x	 r	 1
11	 2	 39	 10.00	 1	 left	 l	 1
11	 2	 40	 1.90	 1	 left	 l	 1
11	 2	 41	 1.90	 0	 x	 r	 1
11	 2	 42	 1.90	 0	 x	 l	 0
11	 2	 43	 10.00	 0	 x	 r	 1
11	 2	 44	 10.00	 1	 right	 l	 1
11	 2	 45	 1.90	 0	 x	 r	 1
11	 2	 46	 1.90	 0	 x	 r	 1
11	 2	 47	 10.00	 1	 left	 l	 1
11	 2	 48	 1.90	 1	 right	 r	 0
11	 2	 49	 1.90	 0	 x	 r	 1
11	 2	 50	 1.90	 1	 left	 l	 1
11	 2	 51	 10.00	 1	 right	 l	 1
11	 2	 52	 10.00	 1	 right	 l	 1
11	 2	 53	 10.00	 0	 x	 r	 1
11	 2	 54	 10.00	 1	 left	 l	 1
11	 2	 55	 1.90	 0	 x	 l	 0
11	 2	 56	 1.90	 0	 x	 r	 1
11	 2	 57	 1.90	 0	 x	 r	 1
11	 2	 58	 1.90	 1	 right	 l	 1
11	 2	 59	 10.00	 0	 x	 r	 1
11	 2	 60	 10.00	 0	 x	 r	 1
11	 2	 61	 10.00	 0	 x	 r	 1
11	 2	 62	 10.00	 0	 x	 r	 1
11	 2	 63	 10.00	 1	 right	 l	 1
11	 2	 64	 10.00	 1	 right	 l	 1
11	 2	 65	 1.90	 1	 left	 l	 1
11	 2	 66	 1.90	 1	 right	 l	 1
11	 2	 67	 10.00	 1	 right	 l	 1
11	 2	 68	 10.00	 1	 right	 l	 1
11	 2	 69	 1.90	 1	 right	 l	 1
11	 2	 70	 1.90	 0	 x	 l	 0
11	 2	 71	 10.00	 0	 x	 r	 1
11	 2	 72	 10.00	 0	 x	 r	 1
11	 2	 73	 1.90	 0	 x	 r	 1
11	 2	 74	 1.90	 1	 right	 l	 1
11	 2	 75	 1.90	 1	 left	 l	 1
11	 2	 76	 10.00	 0	 x	 r	 1
11	 2	 77	 1.90	 1	 right	 l	 1
11	 2	 78	 1.90	 1	 left	 l	 1
11	 2	 79	 1.90	 1	 left	 r	 0
11	 2	 80	 1.90	 0	 x	 l	 0
12	 1	 1	 10.00	 1	 right	 l	 1
12	 1	 2	 10.00	 1	 right	 l	 1
12	 1	 3	 1.90	 1	 left	 r	 0
12	 1	 4	 1.90	 1	 left	 l	 1
12	 1	 5	 1.90	 1	 left	 l	 1
12	 1	 6	 10.00	 0	 x	 r	 1
12	 1	 7	 10.00	 1	 left	 l	 1
12	 1	 8	 1.90	 0	 x	 l	 0
12	 1	 9	 10.00	 1	 left	 l	 1
12	 1	 10	 10.00	 0	 x	 r	 1
12	 1	 11	 1.90	 1	 right	 r	 0
12	 1	 12	 10.00	 0	 x	 r	 1
12	 1	 13	 1.90	 0	 x	 l	 0
12	 1	 14	 1.90	 0	 x	 l	 0
12	 1	 15	 1.90	 0	 x	 r	 1
12	 1	 16	 10.00	 1	 left	 l	 1
12	 1	 17	 1.90	 1	 right	 l	 1
12	 1	 18	 1.90	 0	 x	 r	 1
12	 1	 19	 10.00	 0	 x	 l	 0
12	 1	 20	 1.90	 1	 left	 l	 1
12	 1	 21	 10.00	 1	 left	 l	 1
12	 1	 22	 1.90	 1	 left	 l	 1
12	 1	 23	 10.00	 0	 x	 r	 1
12	 1	 24	 10.00	 1	 right	 l	 1
12	 1	 25	 1.90	 1	 left	 l	 1
12	 1	 26	 1.90	 1	 right	 l	 1
12	 1	 27	 1.90	 1	 right	 l	 1
12	 1	 28	 10.00	 1	 left	 l	 1
12	 1	 29	 10.00	 0	 x	 r	 1
12	 1	 30	 1.90	 1	 right	 l	 1
12	 1	 31	 10.00	 0	 x	 r	 1
12	 1	 32	 1.90	 1	 right	 l	 1
12	 1	 33	 10.00	 0	 x	 r	 1
12	 1	 34	 10.00	 1	 right	 l	 1
12	 1	 35	 10.00	 0	 x	 r	 1
12	 1	 36	 1.90	 0	 x	 l	 0
12	 1	 37	 1.90	 0	 x	 l	 0
12	 1	 38	 10.00	 0	 x	 l	 0
12	 1	 39	 10.00	 0	 x	 r	 1
12	 1	 40	 10.00	 1	 left	 l	 1
12	 1	 41	 10.00	 1	 left	 l	 1
12	 1	 42	 1.90	 0	 x	 l	 0
12	 1	 43	 10.00	 0	 x	 l	 0
12	 1	 44	 10.00	 1	 right	 l	 1
12	 1	 45	 1.90	 0	 x	 r	 1
12	 1	 46	 1.90	 1	 left	 l	 1
12	 1	 47	 1.90	 1	 left	 r	 0
12	 1	 48	 10.00	 1	 right	 l	 1
12	 1	 49	 10.00	 1	 left	 l	 1
12	 1	 50	 10.00	 0	 x	 r	 1
12	 1	 51	 10.00	 1	 left	 l	 1
12	 1	 52	 1.90	 1	 right	 l	 1
12	 1	 53	 1.90	 1	 left	 r	 0
12	 1	 54	 1.90	 0	 x	 r	 1
12	 1	 55	 10.00	 1	 right	 l	 1
12	 1	 56	 10.00	 0	 x	 r	 1
12	 1	 57	 1.90	 0	 x	 r	 1
12	 1	 58	 10.00	 1	 left	 l	 1
12	 1	 59	 1.90	 0	 x	 r	 1
12	 1	 60	 1.90	 1	 right	 l	 1
12	 1	 61	 10.00	 0	 x	 r	 1
12	 1	 62	 1.90	 0	 x	 r	 1
12	 1	 63	 1.90	 1	 right	 l	 1
12	 1	 64	 10.00	 0	 x	 r	 1
12	 1	 65	 1.90	 0	 x	 l	 0
12	 1	 66	 10.00	 0	 x	 r	 1
12	 1	 67	 1.90	 1	 left	 l	 1
12	 1	 68	 1.90	 0	 x	 l	 0
12	 1	 69	 1.90	 0	 x	 r	 1
12	 1	 70	 10.00	 0	 x	 r	 1
12	 1	 71	 1.90	 0	 x	 r	 1
12	 1	 72	 10.00	 1	 right	 l	 1
12	 1	 73	 10.00	 0	 x	 r	 1
12	 1	 74	 1.90	 0	 x	 r	 1
12	 1	 75	 1.90	 1	 right	 l	 1
12	 1	 76	 1.90	 0	 x	 r	 1
12	 1	 77	 10.00	 1	 right	 l	 1
12	 1	 78	 1.90	 0	 x	 r	 1
12	 1	 79	 10.00	 0	 x	 r	 1
12	 1	 80	 10.00	 1	 right	 l	 1
12	 2	 1	 1.90	 1	 left	 l	 1
12	 2	 2	 10.00	 1	 left	 l	 1
12	 2	 3	 1.90	 0	 x	 r	 1
12	 2	 4	 1.90	 0	 x	 l	 0
12	 2	 5	 1.90	 0	 x	 r	 1
12	 2	 6	 1.90	 1	 right	 r	 0
12	 2	 7	 1.90	 1	 left	 l	 1
12	 2	 8	 10.00	 1	 left	 l	 1
12	 2	 9	 1.90	 0	 x	 r	 1
12	 2	 10	 10.00	 1	 left	 l	 1
12	 2	 11	 10.00	 1	 left	 l	 1
12	 2	 12	 10.00	 0	 x	 r	 1
12	 2	 13	 1.90	 0	 x	 r	 1
12	 2	 14	 10.00	 1	 right	 l	 1
12	 2	 15	 10.00	 1	 left	 l	 1
12	 2	 16	 1.90	 1	 left	 r	 0
12	 2	 17	 1.90	 0	 x	 r	 1
12	 2	 18	 10.00	 0	 x	 r	 1
12	 2	 19	 10.00	 1	 right	 l	 1
12	 2	 20	 1.90	 1	 right	 l	 1
12	 2	 21	 1.90	 0	 x	 r	 1
12	 2	 22	 1.90	 1	 right	 l	 1
12	 2	 23	 10.00	 0	 x	 r	 1
12	 2	 24	 10.00	 0	 x	 r	 1
12	 2	 25	 10.00	 1	 right	 r	 0
12	 2	 26	 10.00	 0	 x	 r	 1
12	 2	 27	 10.00	 0	 x	 r	 1
12	 2	 28	 1.90	 1	 right	 r	 0
12	 2	 29	 10.00	 1	 right	 l	 1
12	 2	 30	 10.00	 0	 x	 r	 1
12	 2	 31	 10.00	 0	 x	 r	 1
12	 2	 32	 10.00	 0	 x	 l	 0
12	 2	 33	 10.00	 0	 x	 r	 1
12	 2	 34	 1.90	 1	 right	 l	 1
12	 2	 35	 1.90	 0	 x	 l	 0
12	 2	 36	 10.00	 0	 x	 l	 0
12	 2	 37	 1.90	 0	 x	 r	 1
12	 2	 38	 10.00	 0	 x	 r	 1
12	 2	 39	 10.00	 1	 left	 l	 1
12	 2	 40	 1.90	 1	 left	 l	 1
12	 2	 41	 10.00	 1	 right	 l	 1
12	 2	 42	 1.90	 0	 x	 l	 0
12	 2	 43	 10.00	 1	 left	 l	 1
12	 2	 44	 1.90	 1	 right	 r	 0
12	 2	 45	 1.90	 1	 left	 l	 1
12	 2	 46	 10.00	 1	 left	 l	 1
12	 2	 47	 10.00	 1	 right	 l	 1
12	 2	 48	 1.90	 0	 x	 r	 1
12	 2	 49	 1.90	 1	 right	 l	 1
12	 2	 50	 1.90	 0	 x	 l	 0
12	 2	 51	 1.90	 1	 left	 l	 1
12	 2	 52	 10.00	 1	 right	 l	 1
12	 2	 53	 1.90	 0	 x	 r	 1
12	 2	 54	 1.90	 1	 right	 r	 0
12	 2	 55	 1.90	 0	 x	 r	 1
12	 2	 56	 1.90	 1	 left	 l	 1
12	 2	 57	 10.00	 0	 x	 r	 1
12	 2	 58	 1.90	 1	 right	 l	 1
12	 2	 59	 1.90	 1	 left	 l	 1
12	 2	 60	 1.90	 0	 x	 r	 1
12	 2	 61	 10.00	 1	 right	 l	 1
12	 2	 62	 10.00	 0	 x	 r	 1
12	 2	 63	 1.90	 0	 x	 l	 0
12	 2	 64	 1.90	 0	 x	 r	 1
12	 2	 65	 1.90	 0	 x	 r	 1
12	 2	 66	 1.90	 1	 left	 l	 1
12	 2	 67	 10.00	 1	 left	 l	 1
12	 2	 68	 10.00	 0	 x	 r	 1
12	 2	 69	 10.00	 0	 x	 r	 1
12	 2	 70	 1.90	 0	 x	 l	 0
12	 2	 71	 10.00	 0	 x	 r	 1
12	 2	 72	 1.90	 1	 left	 l	 1
12	 2	 73	 10.00	 0	 x	 r	 1
12	 2	 74	 10.00	 0	 x	 r	 1
12	 2	 75	 10.00	 1	 left	 l	 1
12	 2	 76	 10.00	 1	 right	 r	 0
12	 2	 77	 1.90	 0	 x	 r	 1
12	 2	 78	 10.00	 0	 x	 r	 1
12	 2	 79	 1.90	 1	 right	 l	 1
12	 2	 80	 10.00	 1	 right	 l	 1
13	 1	 1	 1.90	 1	 left	 l	 1
13	 1	 2	 1.90	 1	 left	 l	 1
13	 1	 3	 1.90	 0	 x	 l	 0
13	 1	 4	 10.00	 0	 x	 l	 0
13	 1	 5	 10.00	 1	 right	 l	 1
13	 1	 6	 10.00	 0	 x	 r	 1
13	 1	 7	 10.00	 0	 x	 r	 1
13	 1	 8	 10.00	 1	 right	 l	 1
13	 1	 9	 1.90	 0	 x	 l	 0
13	 1	 10	 1.90	 1	 right	 r	 0
13	 1	 11	 10.00	 0	 x	 r	 1
13	 1	 12	 1.90	 0	 x	 l	 0
13	 1	 13	 1.90	 1	 left	 r	 0
13	 1	 14	 10.00	 0	 x	 r	 1
13	 1	 15	 10.00	 0	 x	 r	 1
13	 1	 16	 1.90	 0	 x	 r	 1
13	 1	 17	 1.90	 0	 x	 r	 1
13	 1	 18	 10.00	 1	 right	 l	 1
13	 1	 19	 1.90	 0	 x	 r	 1
13	 1	 20	 1.90	 1	 left	 r	 0
13	 1	 21	 1.90	 0	 x	 l	 0
13	 1	 22	 1.90	 0	 x	 r	 1
13	 1	 23	 10.00	 1	 right	 l	 1
13	 1	 24	 10.00	 1	 left	 r	 0
13	 1	 25	 10.00	 0	 x	 r	 1
13	 1	 26	 10.00	 1	 left	 l	 1
13	 1	 27	 1.90	 1	 left	 r	 0
13	 1	 28	 1.90	 0	 x	 l	 0
13	 1	 29	 1.90	 0	 x	 l	 0
13	 1	 30	 1.90	 1	 right	 r	 0
13	 1	 31	 1.90	 0	 x	 l	 0
13	 1	 32	 1.90	 0	 x	 l	 0
13	 1	 33	 10.00	 1	 left	 l	 1
13	 1	 34	 1.90	 1	 right	 l	 1
13	 1	 35	 10.00	 0	 x	 r	 1
13	 1	 36	 1.90	 0	 x	 r	 1
13	 1	 37	 10.00	 0	 x	 r	 1
13	 1	 38	 1.90	 1	 right	 l	 1
13	 1	 39	 1.90	 0	 x	 r	 1
13	 1	 40	 10.00	 0	 x	 r	 1
13	 1	 41	 10.00	 0	 x	 r	 1
13	 1	 42	 1.90	 1	 left	 l	 1
13	 1	 43	 10.00	 0	 x	 l	 0
13	 1	 44	 1.90	 0	 x	 r	 1
13	 1	 45	 1.90	 1	 left	 r	 0
13	 1	 46	 1.90	 1	 right	 l	 1
13	 1	 47	 1.90	 1	 right	 r	 0
13	 1	 48	 10.00	 1	 right	 l	 1
13	 1	 49	 10.00	 0	 x	 r	 1
13	 1	 50	 1.90	 1	 right	 r	 0
13	 1	 51	 10.00	 1	 right	 l	 1
13	 1	 52	 10.00	 1	 right	 l	 1
13	 1	 53	 1.90	 0	 x	 r	 1
13	 1	 54	 10.00	 1	 left	 l	 1
13	 1	 55	 10.00	 1	 left	 l	 1
13	 1	 56	 10.00	 0	 x	 r	 1
13	 1	 57	 10.00	 0	 x	 r	 1
13	 1	 58	 10.00	 0	 x	 r	 1
13	 1	 59	 1.90	 1	 right	 l	 1
13	 1	 60	 10.00	 1	 left	 l	 1
13	 1	 61	 10.00	 0	 x	 r	 1
13	 1	 62	 10.00	 1	 left	 l	 1
13	 1	 63	 10.00	 0	 x	 r	 1
13	 1	 64	 10.00	 1	 right	 l	 1
13	 1	 65	 10.00	 0	 x	 r	 1
13	 1	 66	 1.90	 0	 x	 r	 1
13	 1	 67	 1.90	 1	 left	 l	 1
13	 1	 68	 10.00	 1	 right	 l	 1
13	 1	 69	 10.00	 1	 left	 l	 1
13	 1	 70	 1.90	 0	 x	 r	 1
13	 1	 71	 10.00	 1	 left	 l	 1
13	 1	 72	 1.90	 1	 right	 r	 0
13	 1	 73	 10.00	 1	 right	 l	 1
13	 1	 74	 10.00	 1	 left	 l	 1
13	 1	 75	 10.00	 0	 x	 r	 1
13	 1	 76	 1.90	 1	 left	 l	 1
13	 1	 77	 1.90	 0	 x	 r	 1
13	 1	 78	 1.90	 0	 x	 l	 0
13	 1	 79	 1.90	 1	 right	 l	 1
13	 1	 80	 1.90	 1	 left	 r	 0
13	 2	 1	 10.00	 1	 left	 r	 0
13	 2	 2	 10.00	 0	 x	 r	 1
13	 2	 3	 1.90	 0	 x	 l	 0
13	 2	 4	 10.00	 0	 x	 r	 1
13	 2	 5	 1.90	 1	 left	 l	 1
13	 2	 6	 1.90	 0	 x	 l	 0
13	 2	 7	 10.00	 1	 right	 l	 1
13	 2	 8	 10.00	 0	 x	 r	 1
13	 2	 9	 1.90	 1	 left	 l	 1
13	 2	 10	 1.90	 1	 left	 l	 1
13	 2	 11	 10.00	 0	 x	 l	 0
13	 2	 12	 1.90	 1	 right	 l	 1
13	 2	 13	 1.90	 0	 x	 r	 1
13	 2	 14	 1.90	 0	 x	 r	 1
13	 2	 15	 10.00	 1	 left	 l	 1
13	 2	 16	 10.00	 1	 right	 l	 1
13	 2	 17	 1.90	 1	 right	 l	 1
13	 2	 18	 1.90	 1	 left	 r	 0
13	 2	 19	 1.90	 0	 x	 l	 0
13	 2	 20	 1.90	 0	 x	 l	 0
13	 2	 21	 1.90	 1	 right	 l	 1
13	 2	 22	 10.00	 1	 left	 l	 1
13	 2	 23	 1.90	 0	 x	 r	 1
13	 2	 24	 1.90	 0	 x	 r	 1
13	 2	 25	 1.90	 1	 left	 l	 1
13	 2	 26	 10.00	 0	 x	 l	 0
13	 2	 27	 1.90	 1	 right	 r	 0
13	 2	 28	 1.90	 1	 left	 r	 0
13	 2	 29	 10.00	 1	 right	 l	 1
13	 2	 30	 1.90	 0	 x	 l	 0
13	 2	 31	 10.00	 0	 x	 r	 1
13	 2	 32	 10.00	 1	 left	 l	 1
13	 2	 33	 1.90	 1	 right	 l	 1
13	 2	 34	 1.90	 1	 right	 l	 1
13	 2	 35	 10.00	 1	 left	 l	 1
13	 2	 36	 10.00	 1	 right	 l	 1
13	 2	 37	 1.90	 0	 x	 l	 0
13	 2	 38	 10.00	 0	 x	 r	 1
13	 2	 39	 1.90	 0	 x	 l	 0
13	 2	 40	 10.00	 0	 x	 l	 0
13	 2	 41	 10.00	 0	 x	 l	 0
13	 2	 42	 1.90	 0	 x	 l	 0
13	 2	 43	 1.90	 1	 right	 l	 1
13	 2	 44	 10.00	 1	 left	 l	 1
13	 2	 45	 10.00	 0	 x	 r	 1
13	 2	 46	 10.00	 1	 left	 l	 1
13	 2	 47	 1.90	 0	 x	 l	 0
13	 2	 48	 10.00	 1	 right	 l	 1
13	 2	 49	 10.00	 0	 x	 r	 1
13	 2	 50	 1.90	 0	 x	 l	 0
13	 2	 51	 10.00	 0	 x	 r	 1
13	 2	 52	 1.90	 0	 x	 l	 0
13	 2	 53	 10.00	 1	 right	 l	 1
13	 2	 54	 10.00	 0	 x	 r	 1
13	 2	 55	 10.00	 0	 x	 r	 1
13	 2	 56	 1.90	 1	 right	 l	 1
13	 2	 57	 1.90	 1	 right	 l	 1
13	 2	 58	 10.00	 0	 x	 r	 1
13	 2	 59	 1.90	 0	 x	 r	 1
13	 2	 60	 10.00	 0	 x	 r	 1
13	 2	 61	 10.00	 1	 right	 l	 1
13	 2	 62	 1.90	 0	 x	 r	 1
13	 2	 63	 10.00	 1	 left	 l	 1
13	 2	 64	 1.90	 1	 left	 l	 1
13	 2	 65	 1.90	 1	 right	 r	 0
13	 2	 66	 10.00	 0	 x	 r	 1
13	 2	 67	 1.90	 0	 x	 l	 0
13	 2	 68	 10.00	 1	 right	 l	 1
13	 2	 69	 1.90	 0	 x	 r	 1
13	 2	 70	 10.00	 1	 left	 l	 1
13	 2	 71	 1.90	 1	 left	 l	 1
13	 2	 72	 1.90	 0	 x	 r	 1
13	 2	 73	 10.00	 0	 x	 r	 1
13	 2	 74	 10.00	 1	 left	 l	 1
13	 2	 75	 10.00	 1	 right	 l	 1
13	 2	 76	 10.00	 1	 right	 l	 1
13	 2	 77	 10.00	 0	 x	 r	 1
13	 2	 78	 1.90	 1	 left	 r	 0
13	 2	 79	 10.00	 0	 x	 r	 1
13	 2	 80	 1.90	 1	 left	 l	 1
15	 1	 1	 10.00	 1	 right	 l	 1
15	 1	 2	 10.00	 1	 left	 l	 1
15	 1	 3	 10.00	 0	 x	 r	 1
15	 1	 4	 10.00	 0	 x	 r	 1
15	 1	 5	 10.00	 1	 left	 l	 1
15	 1	 6	 1.90	 1	 right	 r	 0
15	 1	 7	 1.90	 0	 x	 l	 0
15	 1	 8	 10.00	 0	 x	 r	 1
15	 1	 9	 1.90	 0	 x	 r	 1
15	 1	 10	 1.90	 1	 right	 l	 1
15	 1	 11	 10.00	 1	 right	 l	 1
15	 1	 12	 10.00	 1	 right	 l	 1
15	 1	 13	 10.00	 0	 x	 r	 1
15	 1	 14	 10.00	 1	 right	 l	 1
15	 1	 15	 10.00	 1	 right	 l	 1
15	 1	 16	 1.90	 0	 x	 l	 0
15	 1	 17	 1.90	 0	 x	 l	 0
15	 1	 18	 10.00	 1	 right	 l	 1
15	 1	 19	 1.90	 1	 right	 l	 1
15	 1	 20	 10.00	 0	 x	 r	 1
15	 1	 21	 1.90	 1	 right	 r	 0
15	 1	 22	 10.00	 0	 x	 r	 1
15	 1	 23	 1.90	 1	 right	 l	 1
15	 1	 24	 10.00	 0	 x	 r	 1
15	 1	 25	 1.90	 0	 x	 r	 1
15	 1	 26	 1.90	 0	 x	 l	 0
15	 1	 27	 10.00	 0	 x	 r	 1
15	 1	 28	 10.00	 0	 x	 r	 1
15	 1	 29	 10.00	 1	 right	 l	 1
15	 1	 30	 1.90	 0	 x	 r	 1
15	 1	 31	 1.90	 1	 left	 r	 0
15	 1	 32	 10.00	 0	 x	 r	 1
15	 1	 33	 1.90	 1	 left	 r	 0
15	 1	 34	 1.90	 1	 left	 r	 0
15	 1	 35	 10.00	 1	 right	 l	 1
15	 1	 36	 1.90	 1	 left	 l	 1
15	 1	 37	 10.00	 1	 left	 l	 1
15	 1	 38	 1.90	 1	 right	 l	 1
15	 1	 39	 1.90	 1	 right	 l	 1
15	 1	 40	 1.90	 0	 x	 l	 0
15	 1	 41	 10.00	 1	 right	 l	 1
15	 1	 42	 10.00	 1	 right	 l	 1
15	 1	 43	 1.90	 0	 x	 r	 1
15	 1	 44	 1.90	 0	 x	 l	 0
15	 1	 45	 1.90	 1	 left	 l	 1
15	 1	 46	 10.00	 1	 left	 r	 0
15	 1	 47	 10.00	 0	 x	 r	 1
15	 1	 48	 1.90	 1	 left	 l	 1
15	 1	 49	 1.90	 0	 x	 l	 0
15	 1	 50	 10.00	 0	 x	 r	 1
15	 1	 51	 10.00	 0	 x	 r	 1
15	 1	 52	 10.00	 1	 left	 l	 1
15	 1	 53	 1.90	 0	 x	 l	 0
15	 1	 54	 1.90	 1	 left	 r	 0
15	 1	 55	 10.00	 0	 x	 r	 1
15	 1	 56	 1.90	 1	 left	 l	 1
15	 1	 57	 1.90	 1	 left	 l	 1
15	 1	 58	 10.00	 0	 x	 r	 1
15	 1	 59	 1.90	 0	 x	 l	 0
15	 1	 60	 10.00	 1	 left	 l	 1
15	 1	 61	 10.00	 0	 x	 r	 1
15	 1	 62	 10.00	 0	 x	 r	 1
15	 1	 63	 10.00	 1	 left	 l	 1
15	 1	 64	 1.90	 1	 right	 l	 1
15	 1	 65	 1.90	 0	 x	 l	 0
15	 1	 66	 10.00	 1	 left	 l	 1
15	 1	 67	 1.90	 1	 right	 r	 0
15	 1	 68	 1.90	 1	 left	 l	 1
15	 1	 69	 10.00	 0	 x	 r	 1
15	 1	 70	 1.90	 0	 x	 l	 0
15	 1	 71	 1.90	 0	 x	 r	 1
15	 1	 72	 10.00	 1	 left	 l	 1
15	 1	 73	 10.00	 0	 x	 r	 1
15	 1	 74	 1.90	 0	 x	 l	 0
15	 1	 75	 1.90	 0	 x	 l	 0
15	 1	 76	 10.00	 0	 x	 l	 0
15	 1	 77	 1.90	 1	 right	 l	 1
15	 1	 78	 10.00	 1	 left	 l	 1
15	 1	 79	 1.90	 0	 x	 r	 1
15	 1	 80	 1.90	 0	 x	 r	 1
15	 2	 1	 1.90	 0	 x	 r	 1
15	 2	 2	 1.90	 1	 left	 r	 0
15	 2	 3	 1.90	 1	 right	 r	 0
15	 2	 4	 1.90	 1	 left	 l	 1
15	 2	 5	 10.00	 1	 right	 l	 1
15	 2	 6	 10.00	 0	 x	 r	 1
15	 2	 7	 10.00	 1	 right	 l	 1
15	 2	 8	 1.90	 0	 x	 r	 1
15	 2	 9	 10.00	 0	 x	 r	 1
15	 2	 10	 10.00	 1	 left	 l	 1
15	 2	 11	 1.90	 0	 x	 l	 0
15	 2	 12	 10.00	 0	 x	 r	 1
15	 2	 13	 1.90	 1	 right	 l	 1
15	 2	 14	 10.00	 1	 left	 l	 1
15	 2	 15	 1.90	 0	 x	 l	 0
15	 2	 16	 10.00	 0	 x	 r	 1
15	 2	 17	 1.90	 1	 right	 l	 1
15	 2	 18	 10.00	 1	 left	 l	 1
15	 2	 19	 1.90	 0	 x	 l	 0
15	 2	 20	 1.90	 1	 right	 r	 0
15	 2	 21	 10.00	 1	 right	 l	 1
15	 2	 22	 10.00	 0	 x	 r	 1
15	 2	 23	 10.00	 0	 x	 r	 1
15	 2	 24	 10.00	 0	 x	 r	 1
15	 2	 25	 1.90	 0	 x	 l	 0
15	 2	 26	 1.90	 1	 right	 r	 0
15	 2	 27	 1.90	 1	 left	 r	 0
15	 2	 28	 1.90	 0	 x	 r	 1
15	 2	 29	 1.90	 1	 left	 r	 0
15	 2	 30	 1.90	 1	 right	 r	 0
15	 2	 31	 1.90	 0	 x	 l	 0
15	 2	 32	 10.00	 1	 left	 l	 1
15	 2	 33	 10.00	 1	 left	 l	 1
15	 2	 34	 1.90	 0	 x	 r	 1
15	 2	 35	 10.00	 0	 x	 l	 0
15	 2	 36	 1.90	 1	 right	 l	 1
15	 2	 37	 1.90	 0	 x	 r	 1
15	 2	 38	 10.00	 1	 right	 l	 1
15	 2	 39	 10.00	 1	 left	 l	 1
15	 2	 40	 1.90	 0	 x	 r	 1
15	 2	 41	 10.00	 1	 left	 l	 1
15	 2	 42	 10.00	 1	 right	 l	 1
15	 2	 43	 10.00	 0	 x	 r	 1
15	 2	 44	 1.90	 0	 x	 r	 1
15	 2	 45	 10.00	 1	 left	 l	 1
15	 2	 46	 10.00	 1	 left	 l	 1
15	 2	 47	 10.00	 0	 x	 r	 1
15	 2	 48	 1.90	 0	 x	 r	 1
15	 2	 49	 10.00	 1	 right	 l	 1
15	 2	 50	 10.00	 0	 x	 r	 1
15	 2	 51	 1.90	 1	 left	 l	 1
15	 2	 52	 1.90	 0	 x	 r	 1
15	 2	 53	 1.90	 1	 left	 r	 0
15	 2	 54	 10.00	 0	 x	 r	 1
15	 2	 55	 10.00	 0	 x	 r	 1
15	 2	 56	 10.00	 1	 left	 l	 1
15	 2	 57	 10.00	 1	 right	 l	 1
15	 2	 58	 1.90	 0	 x	 r	 1
15	 2	 59	 10.00	 0	 x	 r	 1
15	 2	 60	 1.90	 0	 x	 r	 1
15	 2	 61	 1.90	 1	 right	 l	 1
15	 2	 62	 1.90	 1	 right	 l	 1
15	 2	 63	 1.90	 1	 left	 r	 0
15	 2	 64	 10.00	 1	 right	 l	 1
15	 2	 65	 10.00	 0	 x	 r	 1
15	 2	 66	 1.90	 1	 left	 l	 1
15	 2	 67	 10.00	 0	 x	 r	 1
15	 2	 68	 1.90	 0	 x	 r	 1
15	 2	 69	 10.00	 1	 right	 l	 1
15	 2	 70	 1.90	 1	 left	 r	 0
15	 2	 71	 1.90	 1	 left	 l	 1
15	 2	 72	 10.00	 0	 x	 r	 1
15	 2	 73	 10.00	 0	 x	 r	 1
15	 2	 74	 10.00	 1	 right	 l	 1
15	 2	 75	 1.90	 0	 x	 r	 1
15	 2	 76	 1.90	 1	 right	 r	 0
15	 2	 77	 10.00	 0	 x	 r	 1
15	 2	 78	 1.90	 0	 x	 r	 1
15	 2	 79	 10.00	 0	 x	 r	 1
15	 2	 80	 1.90	 0	 x	 r	 1
17	 1	 1	 10.00	 1	 right	 l	 1
17	 1	 2	 1.90	 0	 x	 l	 0
17	 1	 3	 1.90	 1	 left	 r	 0
17	 1	 4	 10.00	 0	 x	 r	 1
17	 1	 5	 1.90	 0	 x	 l	 0
17	 1	 6	 10.00	 1	 right	 l	 1
17	 1	 7	 10.00	 0	 x	 r	 1
17	 1	 8	 10.00	 0	 x	 r	 1
17	 1	 9	 10.00	 1	 left	 r	 0
17	 1	 10	 10.00	 1	 right	 l	 1
17	 1	 11	 1.90	 1	 right	 r	 0
17	 1	 12	 1.90	 0	 x	 r	 1
17	 1	 13	 1.90	 0	 x	 r	 1
17	 1	 14	 10.00	 1	 left	 l	 1
17	 1	 15	 10.00	 0	 x	 r	 1
17	 1	 16	 10.00	 0	 x	 r	 1
17	 1	 17	 10.00	 1	 right	 l	 1
17	 1	 18	 1.90	 0	 x	 r	 1
17	 1	 19	 1.90	 0	 x	 r	 1
17	 1	 20	 10.00	 0	 x	 r	 1
17	 1	 21	 1.90	 0	 x	 r	 1
17	 1	 22	 1.90	 0	 x	 r	 1
17	 1	 23	 10.00	 0	 x	 r	 1
17	 1	 24	 10.00	 1	 right	 l	 1
17	 1	 25	 10.00	 1	 left	 l	 1
17	 1	 26	 1.90	 1	 right	 r	 0
17	 1	 27	 10.00	 1	 right	 l	 1
17	 1	 28	 1.90	 1	 right	 l	 1
17	 1	 29	 10.00	 1	 left	 l	 1
17	 1	 30	 1.90	 0	 x	 l	 0
17	 1	 31	 10.00	 0	 x	 r	 1
17	 1	 32	 10.00	 0	 x	 r	 1
17	 1	 33	 10.00	 1	 left	 l	 1
17	 1	 34	 10.00	 1	 right	 l	 1
17	 1	 35	 10.00	 0	 x	 r	 1
17	 1	 36	 1.90	 1	 left	 r	 0
17	 1	 37	 1.90	 0	 x	 l	 0
17	 1	 38	 1.90	 0	 x	 r	 1
17	 1	 39	 1.90	 1	 right	 r	 0
17	 1	 40	 1.90	 0	 x	 r	 1
17	 1	 41	 1.90	 1	 right	 l	 1
17	 1	 42	 10.00	 1	 left	 l	 1
17	 1	 43	 1.90	 0	 x	 l	 0
17	 1	 44	 10.00	 0	 x	 r	 1
17	 1	 45	 10.00	 0	 x	 r	 1
17	 1	 46	 1.90	 1	 left	 l	 1
17	 1	 47	 10.00	 1	 right	 l	 1
17	 1	 48	 10.00	 1	 left	 l	 1
17	 1	 49	 10.00	 1	 left	 l	 1
17	 1	 50	 1.90	 1	 right	 l	 1
17	 1	 51	 10.00	 1	 left	 l	 1
17	 1	 52	 1.90	 0	 x	 l	 0
17	 1	 53	 10.00	 0	 x	 r	 1
17	 1	 54	 10.00	 1	 left	 l	 1
17	 1	 55	 10.00	 0	 x	 r	 1
17	 1	 56	 1.90	 1	 left	 r	 0
17	 1	 57	 1.90	 0	 x	 l	 0
17	 1	 58	 1.90	 1	 left	 l	 1
17	 1	 59	 1.90	 1	 left	 l	 1
17	 1	 60	 10.00	 0	 x	 r	 1
17	 1	 61	 1.90	 1	 right	 r	 0
17	 1	 62	 10.00	 1	 right	 l	 1
17	 1	 63	 1.90	 1	 left	 r	 0
17	 1	 64	 1.90	 0	 x	 l	 0
17	 1	 65	 10.00	 0	 x	 r	 1
17	 1	 66	 1.90	 0	 x	 l	 0
17	 1	 67	 1.90	 0	 x	 r	 1
17	 1	 68	 1.90	 1	 right	 l	 1
17	 1	 69	 10.00	 0	 x	 r	 1
17	 1	 70	 1.90	 1	 right	 l	 1
17	 1	 71	 10.00	 0	 x	 r	 1
17	 1	 72	 10.00	 0	 x	 r	 1
17	 1	 73	 1.90	 1	 left	 l	 1
17	 1	 74	 1.90	 1	 right	 r	 0
17	 1	 75	 1.90	 0	 x	 l	 0
17	 1	 76	 10.00	 1	 right	 l	 1
17	 1	 77	 1.90	 1	 left	 r	 0
17	 1	 78	 1.90	 1	 left	 r	 0
17	 1	 79	 1.90	 0	 x	 r	 1
17	 1	 80	 10.00	 0	 x	 r	 1
17	 2	 1	 1.90	 1	 right	 l	 1
17	 2	 2	 1.90	 0	 x	 l	 0
17	 2	 3	 10.00	 0	 x	 r	 1
17	 2	 4	 1.90	 1	 right	 l	 1
17	 2	 5	 10.00	 0	 x	 r	 1
17	 2	 6	 10.00	 0	 x	 r	 1
17	 2	 7	 10.00	 0	 x	 r	 1
17	 2	 8	 1.90	 1	 left	 l	 1
17	 2	 9	 10.00	 0	 x	 r	 1
17	 2	 10	 10.00	 1	 left	 l	 1
17	 2	 11	 1.90	 0	 x	 r	 1
17	 2	 12	 10.00	 1	 left	 l	 1
17	 2	 13	 10.00	 1	 right	 l	 1
17	 2	 14	 1.90	 0	 x	 l	 0
17	 2	 15	 10.00	 0	 x	 r	 1
17	 2	 16	 10.00	 0	 x	 l	 0
17	 2	 17	 10.00	 1	 right	 l	 1
17	 2	 18	 10.00	 1	 right	 l	 1
17	 2	 19	 1.90	 0	 x	 l	 0
17	 2	 20	 10.00	 1	 left	 l	 1
17	 2	 21	 10.00	 0	 x	 l	 0
17	 2	 22	 1.90	 0	 x	 r	 1
17	 2	 23	 10.00	 1	 left	 l	 1
17	 2	 24	 10.00	 0	 x	 l	 0
17	 2	 25	 1.90	 1	 right	 l	 1
17	 2	 26	 10.00	 0	 x	 r	 1
17	 2	 27	 10.00	 0	 x	 r	 1
17	 2	 28	 1.90	 1	 left	 l	 1
17	 2	 29	 1.90	 0	 x	 l	 0
17	 2	 30	 10.00	 0	 x	 r	 1
17	 2	 31	 1.90	 1	 right	 l	 1
17	 2	 32	 1.90	 1	 right	 l	 1
17	 2	 33	 1.90	 1	 right	 r	 0
17	 2	 34	 1.90	 0	 x	 r	 1
17	 2	 35	 1.90	 0	 x	 r	 1
17	 2	 36	 10.00	 0	 x	 r	 1
17	 2	 37	 1.90	 1	 left	 l	 1
17	 2	 38	 10.00	 1	 right	 l	 1
17	 2	 39	 1.90	 1	 left	 l	 1
17	 2	 40	 1.90	 1	 left	 l	 1
17	 2	 41	 1.90	 0	 x	 l	 0
17	 2	 42	 1.90	 1	 left	 l	 1
17	 2	 43	 1.90	 0	 x	 r	 1
17	 2	 44	 10.00	 0	 x	 r	 1
17	 2	 45	 1.90	 1	 left	 l	 1
17	 2	 46	 10.00	 1	 left	 l	 1
17	 2	 47	 10.00	 0	 x	 r	 1
17	 2	 48	 10.00	 1	 right	 l	 1
17	 2	 49	 10.00	 1	 left	 l	 1
17	 2	 50	 10.00	 1	 right	 l	 1
17	 2	 51	 1.90	 1	 left	 l	 1
17	 2	 52	 10.00	 1	 right	 l	 1
17	 2	 53	 1.90	 1	 right	 l	 1
17	 2	 54	 10.00	 1	 left	 l	 1
17	 2	 55	 1.90	 0	 x	 r	 1
17	 2	 56	 1.90	 0	 x	 r	 1
17	 2	 57	 1.90	 0	 x	 r	 1
17	 2	 58	 10.00	 0	 x	 r	 1
17	 2	 59	 1.90	 0	 x	 r	 1
17	 2	 60	 1.90	 0	 x	 r	 1
17	 2	 61	 10.00	 1	 right	 l	 1
17	 2	 62	 1.90	 1	 left	 l	 1
17	 2	 63	 1.90	 1	 right	 l	 1
17	 2	 64	 1.90	 1	 left	 l	 1
17	 2	 65	 1.90	 0	 x	 r	 1
17	 2	 66	 1.90	 1	 right	 l	 1
17	 2	 67	 10.00	 0	 x	 r	 1
17	 2	 68	 1.90	 1	 right	 l	 1
17	 2	 69	 10.00	 1	 right	 l	 1
17	 2	 70	 10.00	 1	 left	 l	 1
17	 2	 71	 1.90	 0	 x	 r	 1
17	 2	 72	 1.90	 0	 x	 r	 1
17	 2	 73	 10.00	 1	 left	 l	 1
17	 2	 74	 10.00	 1	 right	 l	 1
17	 2	 75	 10.00	 0	 x	 r	 1
17	 2	 76	 10.00	 1	 left	 l	 1
17	 2	 77	 10.00	 0	 x	 r	 1
17	 2	 78	 1.90	 0	 x	 r	 1
17	 2	 79	 10.00	 0	 x	 r	 1
17	 2	 80	 1.90	 0	 x	 r	 1
18	 1	 1	 1.90	 1	 right	 l	 1
18	 1	 2	 10.00	 1	 left	 l	 1
18	 1	 3	 10.00	 0	 x	 r	 1
18	 1	 4	 10.00	 0	 x	 r	 1
18	 1	 5	 10.00	 1	 left	 l	 1
18	 1	 6	 10.00	 1	 right	 l	 1
18	 1	 7	 1.90	 1	 left	 l	 1
18	 1	 8	 1.90	 1	 left	 l	 1
18	 1	 9	 1.90	 0	 x	 l	 0
18	 1	 10	 10.00	 0	 x	 r	 1
18	 1	 11	 1.90	 1	 right	 l	 1
18	 1	 12	 1.90	 1	 left	 l	 1
18	 1	 13	 10.00	 1	 left	 l	 1
18	 1	 14	 10.00	 0	 x	 r	 1
18	 1	 15	 10.00	 1	 right	 l	 1
18	 1	 16	 1.90	 1	 left	 l	 1
18	 1	 17	 1.90	 1	 right	 l	 1
18	 1	 18	 10.00	 0	 x	 r	 1
18	 1	 19	 1.90	 0	 x	 l	 0
18	 1	 20	 10.00	 0	 x	 r	 1
18	 1	 21	 10.00	 1	 right	 l	 1
18	 1	 22	 10.00	 1	 left	 l	 1
18	 1	 23	 10.00	 0	 x	 l	 0
18	 1	 24	 1.90	 0	 x	 l	 0
18	 1	 25	 10.00	 1	 left	 l	 1
18	 1	 26	 10.00	 0	 x	 l	 0
18	 1	 27	 1.90	 0	 x	 r	 1
18	 1	 28	 1.90	 0	 x	 l	 0
18	 1	 29	 10.00	 1	 right	 l	 1
18	 1	 30	 10.00	 1	 left	 l	 1
18	 1	 31	 10.00	 0	 x	 r	 1
18	 1	 32	 1.90	 0	 x	 r	 1
18	 1	 33	 1.90	 1	 left	 r	 0
18	 1	 34	 1.90	 1	 right	 l	 1
18	 1	 35	 1.90	 1	 left	 l	 1
18	 1	 36	 1.90	 0	 x	 r	 1
18	 1	 37	 1.90	 1	 right	 l	 1
18	 1	 38	 10.00	 0	 x	 l	 0
18	 1	 39	 1.90	 0	 x	 r	 1
18	 1	 40	 10.00	 0	 x	 l	 0
18	 1	 41	 1.90	 1	 left	 r	 0
18	 1	 42	 1.90	 1	 left	 r	 0
18	 1	 43	 10.00	 1	 right	 l	 1
18	 1	 44	 10.00	 1	 left	 l	 1
18	 1	 45	 10.00	 1	 left	 l	 1
18	 1	 46	 1.90	 0	 x	 l	 0
18	 1	 47	 10.00	 0	 x	 r	 1
18	 1	 48	 1.90	 0	 x	 r	 1
18	 1	 49	 1.90	 0	 x	 l	 0
18	 1	 50	 10.00	 0	 x	 r	 1
18	 1	 51	 10.00	 1	 right	 l	 1
18	 1	 52	 1.90	 0	 x	 r	 1
18	 1	 53	 10.00	 1	 right	 l	 1
18	 1	 54	 1.90	 1	 right	 l	 1
18	 1	 55	 10.00	 1	 right	 l	 1
18	 1	 56	 1.90	 1	 left	 r	 0
18	 1	 57	 1.90	 0	 x	 r	 1
18	 1	 58	 10.00	 0	 x	 r	 1
18	 1	 59	 1.90	 1	 right	 l	 1
18	 1	 60	 10.00	 1	 left	 l	 1
18	 1	 61	 1.90	 1	 right	 r	 0
18	 1	 62	 10.00	 1	 right	 l	 1
18	 1	 63	 1.90	 0	 x	 l	 0
18	 1	 64	 1.90	 0	 x	 r	 1
18	 1	 65	 1.90	 1	 right	 l	 1
18	 1	 66	 1.90	 1	 right	 r	 0
18	 1	 67	 1.90	 1	 left	 l	 1
18	 1	 68	 10.00	 1	 left	 l	 1
18	 1	 69	 1.90	 0	 x	 l	 0
18	 1	 70	 10.00	 0	 x	 r	 1
18	 1	 71	 10.00	 0	 x	 l	 0
18	 1	 72	 10.00	 0	 x	 l	 0
18	 1	 73	 10.00	 1	 right	 l	 1
18	 1	 74	 1.90	 0	 x	 r	 1
18	 1	 75	 1.90	 0	 x	 r	 1
18	 1	 76	 1.90	 0	 x	 r	 1
18	 1	 77	 10.00	 0	 x	 r	 1
18	 1	 78	 10.00	 0	 x	 l	 0
18	 1	 79	 1.90	 0	 x	 r	 1
18	 1	 80	 10.00	 0	 x	 l	 0
18	 2	 1	 10.00	 1	 left	 l	 1
18	 2	 2	 10.00	 1	 right	 l	 1
18	 2	 3	 10.00	 0	 x	 r	 1
18	 2	 4	 10.00	 0	 x	 l	 0
18	 2	 5	 10.00	 1	 right	 l	 1
18	 2	 6	 10.00	 1	 right	 l	 1
18	 2	 7	 1.90	 0	 x	 l	 0
18	 2	 8	 1.90	 0	 x	 r	 1
18	 2	 9	 10.00	 1	 left	 l	 1
18	 2	 10	 1.90	 1	 right	 l	 1
18	 2	 11	 1.90	 1	 left	 l	 1
18	 2	 12	 1.90	 0	 x	 r	 1
18	 2	 13	 10.00	 0	 x	 l	 0
18	 2	 14	 1.90	 0	 x	 r	 1
18	 2	 15	 10.00	 0	 x	 l	 0
18	 2	 16	 1.90	 1	 right	 r	 0
18	 2	 17	 1.90	 0	 x	 l	 0
18	 2	 18	 10.00	 1	 left	 l	 1
18	 2	 19	 1.90	 0	 x	 l	 0
18	 2	 20	 10.00	 0	 x	 l	 0
18	 2	 21	 10.00	 0	 x	 l	 0
18	 2	 22	 10.00	 1	 left	 l	 1
18	 2	 23	 1.90	 1	 left	 r	 0
18	 2	 24	 10.00	 0	 x	 r	 1
18	 2	 25	 1.90	 1	 left	 l	 1
18	 2	 26	 1.90	 0	 x	 r	 1
18	 2	 27	 1.90	 0	 x	 r	 1
18	 2	 28	 10.00	 1	 right	 l	 1
18	 2	 29	 1.90	 0	 x	 r	 1
18	 2	 30	 10.00	 1	 right	 l	 1
18	 2	 31	 1.90	 0	 x	 r	 1
18	 2	 32	 10.00	 0	 x	 r	 1
18	 2	 33	 10.00	 0	 x	 l	 0
18	 2	 34	 1.90	 1	 right	 l	 1
18	 2	 35	 10.00	 0	 x	 r	 1
18	 2	 36	 1.90	 0	 x	 r	 1
18	 2	 37	 10.00	 1	 right	 l	 1
18	 2	 38	 1.90	 1	 right	 r	 0
18	 2	 39	 10.00	 1	 left	 l	 1
18	 2	 40	 1.90	 0	 x	 r	 1
18	 2	 41	 10.00	 0	 x	 l	 0
18	 2	 42	 1.90	 0	 x	 r	 1
18	 2	 43	 1.90	 1	 left	 l	 1
18	 2	 44	 10.00	 1	 left	 l	 1
18	 2	 45	 1.90	 1	 right	 l	 1
18	 2	 46	 10.00	 0	 x	 r	 1
18	 2	 47	 1.90	 1	 left	 l	 1
18	 2	 48	 1.90	 0	 x	 l	 0
18	 2	 49	 1.90	 0	 x	 r	 1
18	 2	 50	 10.00	 0	 x	 l	 0
18	 2	 51	 10.00	 0	 x	 r	 1
18	 2	 52	 1.90	 1	 right	 l	 1
18	 2	 53	 10.00	 0	 x	 l	 0
18	 2	 54	 10.00	 0	 x	 l	 0
18	 2	 55	 10.00	 1	 left	 l	 1
18	 2	 56	 1.90	 0	 x	 r	 1
18	 2	 57	 10.00	 1	 left	 l	 1
18	 2	 58	 10.00	 0	 x	 r	 1
18	 2	 59	 1.90	 1	 right	 l	 1
18	 2	 60	 10.00	 1	 left	 l	 1
18	 2	 61	 1.90	 1	 right	 r	 0
18	 2	 62	 1.90	 0	 x	 r	 1
18	 2	 63	 1.90	 1	 right	 r	 0
18	 2	 64	 1.90	 1	 right	 l	 1
18	 2	 65	 1.90	 0	 x	 r	 1
18	 2	 66	 10.00	 1	 right	 l	 1
18	 2	 67	 10.00	 1	 right	 l	 1
18	 2	 68	 10.00	 0	 x	 r	 1
18	 2	 69	 1.90	 1	 left	 l	 1
18	 2	 70	 10.00	 0	 x	 r	 1
18	 2	 71	 10.00	 1	 left	 l	 1
18	 2	 72	 1.90	 0	 x	 r	 1
18	 2	 73	 10.00	 1	 right	 l	 1
18	 2	 74	 10.00	 0	 x	 r	 1
18	 2	 75	 10.00	 1	 right	 l	 1
18	 2	 76	 1.90	 1	 left	 r	 0
18	 2	 77	 1.90	 1	 left	 r	 0
18	 2	 78	 1.90	 1	 left	 l	 1
18	 2	 79	 1.90	 1	 left	 l	 1
18	 2	 80	 1.90	 0	 x	 r	 1
19	 1	 1	 1.90	 1	 left	 r	 0
19	 1	 2	 1.90	 0	 x	 l	 0
19	 1	 3	 1.90	 0	 x	 r	 1
19	 1	 4	 10.00	 0	 x	 r	 1
19	 1	 5	 10.00	 0	 x	 r	 1
19	 1	 6	 1.90	 1	 left	 l	 1
19	 1	 7	 1.90	 1	 right	 l	 1
19	 1	 8	 10.00	 1	 right	 l	 1
19	 1	 9	 10.00	 0	 x	 r	 1
19	 1	 10	 10.00	 1	 right	 l	 1
19	 1	 11	 1.90	 1	 right	 l	 1
19	 1	 12	 1.90	 0	 x	 l	 0
19	 1	 13	 10.00	 1	 right	 l	 1
19	 1	 14	 1.90	 1	 right	 r	 0
19	 1	 15	 1.90	 0	 x	 l	 0
19	 1	 16	 10.00	 0	 x	 r	 1
19	 1	 17	 10.00	 1	 left	 l	 1
19	 1	 18	 1.90	 0	 x	 r	 1
19	 1	 19	 10.00	 1	 left	 l	 1
19	 1	 20	 1.90	 1	 left	 r	 0
19	 1	 21	 10.00	 0	 x	 l	 0
19	 1	 22	 10.00	 1	 left	 l	 1
19	 1	 23	 10.00	 0	 x	 r	 1
19	 1	 24	 10.00	 1	 right	 l	 1
19	 1	 25	 1.90	 0	 x	 r	 1
19	 1	 26	 1.90	 1	 right	 l	 1
19	 1	 27	 10.00	 1	 left	 l	 1
19	 1	 28	 1.90	 0	 x	 r	 1
19	 1	 29	 1.90	 0	 x	 r	 1
19	 1	 30	 10.00	 0	 x	 l	 0
19	 1	 31	 10.00	 1	 left	 l	 1
19	 1	 32	 10.00	 0	 x	 l	 0
19	 1	 33	 10.00	 1	 right	 l	 1
19	 1	 34	 1.90	 0	 x	 r	 1
19	 1	 35	 1.90	 0	 x	 r	 1
19	 1	 36	 1.90	 0	 x	 l	 0
19	 1	 37	 1.90	 1	 right	 r	 0
19	 1	 38	 10.00	 1	 left	 l	 1
19	 1	 39	 10.00	 0	 x	 l	 0
19	 1	 40	 1.90	 1	 left	 l	 1
19	 1	 41	 1.90	 1	 right	 r	 0
19	 1	 42	 10.00	 1	 right	 l	 1
19	 1	 43	 1.90	 0	 x	 r	 1
19	 1	 44	 1.90	 0	 x	 r	 1
19	 1	 45	 1.90	 1	 left	 r	 0
19	 1	 46	 1.90	 1	 right	 l	 1
19	 1	 47	 10.00	 0	 x	 l	 0
19	 1	 48	 10.00	 1	 left	 l	 1
19	 1	 49	 1.90	 1	 left	 l	 1
19	 1	 50	 10.00	 1	 right	 l	 1
19	 1	 51	 1.90	 0	 x	 r	 1
19	 1	 52	 1.90	 1	 right	 l	 1
19	 1	 53	 1.90	 0	 x	 l	 0
19	 1	 54	 10.00	 0	 x	 r	 1
19	 1	 55	 10.00	 1	 left	 l	 1
19	 1	 56	 10.00	 0	 x	 l	 0
19	 1	 57	 1.90	 0	 x	 r	 1
19	 1	 58	 10.00	 0	 x	 l	 0
19	 1	 59	 1.90	 0	 x	 l	 0
19	 1	 60	 10.00	 1	 left	 l	 1
19	 1	 61	 1.90	 1	 left	 l	 1
19	 1	 62	 10.00	 0	 x	 l	 0
19	 1	 63	 1.90	 1	 right	 r	 0
19	 1	 64	 10.00	 0	 x	 l	 0
19	 1	 65	 1.90	 0	 x	 r	 1
19	 1	 66	 1.90	 1	 left	 l	 1
19	 1	 67	 10.00	 0	 x	 l	 0
19	 1	 68	 1.90	 1	 right	 r	 0
19	 1	 69	 1.90	 0	 x	 r	 1
19	 1	 70	 1.90	 1	 left	 l	 1
19	 1	 71	 10.00	 0	 x	 r	 1
19	 1	 72	 1.90	 1	 left	 r	 0
19	 1	 73	 10.00	 1	 left	 l	 1
19	 1	 74	 10.00	 1	 right	 l	 1
19	 1	 75	 10.00	 0	 x	 r	 1
19	 1	 76	 10.00	 1	 right	 l	 1
19	 1	 77	 10.00	 1	 right	 l	 1
19	 1	 78	 10.00	 0	 x	 l	 0
19	 1	 79	 10.00	 0	 x	 r	 1
19	 1	 80	 1.90	 0	 x	 r	 1
19	 2	 1	 1.90	 0	 x	 r	 1
19	 2	 2	 10.00	 1	 left	 l	 1
19	 2	 3	 10.00	 1	 right	 l	 1
19	 2	 4	 1.90	 1	 right	 r	 0
19	 2	 5	 1.90	 1	 right	 r	 0
19	 2	 6	 1.90	 0	 x	 r	 1
19	 2	 7	 10.00	 0	 x	 l	 0
19	 2	 8	 10.00	 1	 left	 l	 1
19	 2	 9	 10.00	 0	 x	 l	 0
19	 2	 10	 1.90	 0	 x	 r	 1
19	 2	 11	 10.00	 0	 x	 l	 0
19	 2	 12	 10.00	 1	 right	 l	 1
19	 2	 13	 1.90	 0	 x	 r	 1
19	 2	 14	 10.00	 1	 left	 l	 1
19	 2	 15	 1.90	 0	 x	 r	 1
19	 2	 16	 1.90	 0	 x	 l	 0
19	 2	 17	 10.00	 1	 left	 l	 1
19	 2	 18	 10.00	 0	 x	 r	 1
19	 2	 19	 10.00	 0	 x	 r	 1
19	 2	 20	 10.00	 1	 left	 l	 1
19	 2	 21	 1.90	 0	 x	 r	 1
19	 2	 22	 1.90	 1	 left	 r	 0
19	 2	 23	 10.00	 1	 left	 l	 1
19	 2	 24	 1.90	 1	 right	 r	 0
19	 2	 25	 10.00	 1	 left	 l	 1
19	 2	 26	 1.90	 1	 right	 r	 0
19	 2	 27	 1.90	 1	 left	 l	 1
19	 2	 28	 10.00	 1	 right	 l	 1
19	 2	 29	 10.00	 1	 left	 l	 1
19	 2	 30	 10.00	 0	 x	 l	 0
19	 2	 31	 1.90	 0	 x	 r	 1
19	 2	 32	 1.90	 0	 x	 l	 0
19	 2	 33	 10.00	 1	 right	 l	 1
19	 2	 34	 1.90	 0	 x	 r	 1
19	 2	 35	 1.90	 1	 left	 r	 0
19	 2	 36	 1.90	 0	 x	 r	 1
19	 2	 37	 1.90	 0	 x	 r	 1
19	 2	 38	 10.00	 0	 x	 r	 1
19	 2	 39	 10.00	 1	 right	 l	 1
19	 2	 40	 10.00	 0	 x	 r	 1
19	 2	 41	 1.90	 1	 right	 l	 1
19	 2	 42	 10.00	 1	 right	 l	 1
19	 2	 43	 1.90	 0	 x	 r	 1
19	 2	 44	 10.00	 0	 x	 r	 1
19	 2	 45	 10.00	 1	 right	 l	 1
19	 2	 46	 10.00	 1	 left	 l	 1
19	 2	 47	 10.00	 0	 x	 r	 1
19	 2	 48	 1.90	 1	 left	 l	 1
19	 2	 49	 1.90	 1	 left	 l	 1
19	 2	 50	 10.00	 0	 x	 r	 1
19	 2	 51	 1.90	 1	 left	 l	 1
19	 2	 52	 10.00	 1	 right	 l	 1
19	 2	 53	 1.90	 0	 x	 r	 1
19	 2	 54	 1.90	 1	 right	 r	 0
19	 2	 55	 10.00	 0	 x	 r	 1
19	 2	 56	 1.90	 1	 left	 l	 1
19	 2	 57	 1.90	 0	 x	 r	 1
19	 2	 58	 1.90	 1	 right	 r	 0
19	 2	 59	 1.90	 1	 right	 l	 1
19	 2	 60	 10.00	 1	 left	 l	 1
19	 2	 61	 1.90	 0	 x	 r	 1
19	 2	 62	 1.90	 1	 left	 l	 1
19	 2	 63	 10.00	 0	 x	 r	 1
19	 2	 64	 1.90	 0	 x	 r	 1
19	 2	 65	 1.90	 0	 x	 r	 1
19	 2	 66	 10.00	 0	 x	 l	 0
19	 2	 67	 10.00	 1	 right	 l	 1
19	 2	 68	 1.90	 0	 x	 r	 1
19	 2	 69	 10.00	 0	 x	 l	 0
19	 2	 70	 10.00	 0	 x	 r	 1
19	 2	 71	 1.90	 1	 right	 l	 1
19	 2	 72	 10.00	 0	 x	 r	 1
19	 2	 73	 1.90	 0	 x	 r	 1
19	 2	 74	 1.90	 1	 right	 l	 1
19	 2	 75	 10.00	 0	 x	 l	 0
19	 2	 76	 1.90	 1	 left	 l	 1
19	 2	 77	 10.00	 0	 x	 r	 1
19	 2	 78	 1.90	 1	 left	 l	 1
19	 2	 79	 10.00	 1	 right	 l	 1
19	 2	 80	 10.00	 0	 x	 r	 1
20	 1	 1	 1.90	 0	 x	 l	 0
20	 1	 2	 1.90	 0	 x	 l	 0
20	 1	 3	 10.00	 1	 right	 l	 1
20	 1	 4	 1.90	 1	 right	 r	 0
20	 1	 5	 1.90	 1	 left	 l	 1
20	 1	 6	 10.00	 0	 x	 r	 1
20	 1	 7	 10.00	 0	 x	 r	 1
20	 1	 8	 10.00	 1	 right	 l	 1
20	 1	 9	 1.90	 0	 x	 r	 1
20	 1	 10	 1.90	 1	 right	 r	 0
20	 1	 11	 1.90	 1	 right	 r	 0
20	 1	 12	 10.00	 1	 left	 l	 1
20	 1	 13	 10.00	 1	 left	 l	 1
20	 1	 14	 10.00	 1	 left	 l	 1
20	 1	 15	 1.90	 0	 x	 r	 1
20	 1	 16	 1.90	 0	 x	 r	 1
20	 1	 17	 10.00	 0	 x	 r	 1
20	 1	 18	 10.00	 0	 x	 r	 1
20	 1	 19	 10.00	 0	 x	 r	 1
20	 1	 20	 10.00	 0	 x	 r	 1
20	 1	 21	 1.90	 1	 left	 r	 0
20	 1	 22	 10.00	 1	 left	 l	 1
20	 1	 23	 10.00	 0	 x	 r	 1
20	 1	 24	 10.00	 0	 x	 r	 1
20	 1	 25	 1.90	 1	 left	 r	 0
20	 1	 26	 1.90	 0	 x	 l	 0
20	 1	 27	 10.00	 0	 x	 r	 1
20	 1	 28	 1.90	 1	 left	 r	 0
20	 1	 29	 1.90	 0	 x	 l	 0
20	 1	 30	 1.90	 1	 left	 l	 1
20	 1	 31	 10.00	 1	 left	 l	 1
20	 1	 32	 1.90	 1	 left	 l	 1
20	 1	 33	 1.90	 1	 right	 r	 0
20	 1	 34	 1.90	 1	 right	 r	 0
20	 1	 35	 1.90	 0	 x	 r	 1
20	 1	 36	 10.00	 1	 right	 l	 1
20	 1	 37	 10.00	 1	 left	 l	 1
20	 1	 38	 10.00	 0	 x	 r	 1
20	 1	 39	 10.00	 0	 x	 r	 1
20	 1	 40	 10.00	 1	 left	 l	 1
20	 1	 41	 1.90	 1	 left	 r	 0
20	 1	 42	 1.90	 0	 x	 r	 1
20	 1	 43	 10.00	 1	 right	 l	 1
20	 1	 44	 10.00	 0	 x	 r	 1
20	 1	 45	 1.90	 0	 x	 r	 1
20	 1	 46	 1.90	 1	 right	 r	 0
20	 1	 47	 1.90	 0	 x	 r	 1
20	 1	 48	 1.90	 1	 left	 r	 0
20	 1	 49	 1.90	 1	 right	 r	 0
20	 1	 50	 1.90	 1	 left	 r	 0
20	 1	 51	 10.00	 0	 x	 l	 0
20	 1	 52	 10.00	 1	 right	 l	 1
20	 1	 53	 1.90	 1	 right	 l	 1
20	 1	 54	 10.00	 1	 right	 l	 1
20	 1	 55	 10.00	 1	 right	 l	 1
20	 1	 56	 10.00	 0	 x	 r	 1
20	 1	 57	 1.90	 0	 x	 r	 1
20	 1	 58	 10.00	 1	 left	 l	 1
20	 1	 59	 10.00	 0	 x	 r	 1
20	 1	 60	 10.00	 0	 x	 r	 1
20	 1	 61	 1.90	 0	 x	 r	 1
20	 1	 62	 1.90	 1	 left	 r	 0
20	 1	 63	 1.90	 0	 x	 r	 1
20	 1	 64	 10.00	 0	 x	 r	 1
20	 1	 65	 1.90	 0	 x	 r	 1
20	 1	 66	 10.00	 0	 x	 r	 1
20	 1	 67	 10.00	 0	 x	 r	 1
20	 1	 68	 10.00	 1	 right	 l	 1
20	 1	 69	 10.00	 1	 right	 l	 1
20	 1	 70	 1.90	 0	 x	 r	 1
20	 1	 71	 10.00	 1	 left	 l	 1
20	 1	 72	 1.90	 0	 x	 r	 1
20	 1	 73	 1.90	 0	 x	 r	 1
20	 1	 74	 10.00	 1	 left	 l	 1
20	 1	 75	 1.90	 0	 x	 r	 1
20	 1	 76	 10.00	 0	 x	 r	 1
20	 1	 77	 1.90	 0	 x	 r	 1
20	 1	 78	 1.90	 1	 right	 r	 0
20	 1	 79	 1.90	 1	 right	 r	 0
20	 1	 80	 10.00	 1	 right	 l	 1
20	 2	 1	 10.00	 0	 x	 r	 1
20	 2	 2	 1.90	 1	 right	 r	 0
20	 2	 3	 10.00	 0	 x	 r	 1
20	 2	 4	 10.00	 0	 x	 r	 1
20	 2	 5	 1.90	 0	 x	 r	 1
20	 2	 6	 1.90	 0	 x	 l	 0
20	 2	 7	 1.90	 1	 right	 l	 1
20	 2	 8	 10.00	 1	 right	 l	 1
20	 2	 9	 10.00	 0	 x	 r	 1
20	 2	 10	 10.00	 0	 x	 r	 1
20	 2	 11	 10.00	 0	 x	 r	 1
20	 2	 12	 10.00	 1	 left	 l	 1
20	 2	 13	 1.90	 0	 x	 r	 1
20	 2	 14	 10.00	 1	 left	 l	 1
20	 2	 15	 1.90	 1	 right	 r	 0
20	 2	 16	 1.90	 0	 x	 l	 0
20	 2	 17	 10.00	 1	 right	 l	 1
20	 2	 18	 10.00	 1	 right	 l	 1
20	 2	 19	 1.90	 1	 left	 r	 0
20	 2	 20	 1.90	 0	 x	 r	 1
20	 2	 21	 10.00	 1	 right	 l	 1
20	 2	 22	 10.00	 1	 left	 l	 1
20	 2	 23	 10.00	 1	 right	 l	 1
20	 2	 24	 1.90	 1	 left	 l	 1
20	 2	 25	 1.90	 0	 x	 l	 0
20	 2	 26	 1.90	 1	 right	 l	 1
20	 2	 27	 10.00	 1	 right	 l	 1
20	 2	 28	 1.90	 1	 right	 l	 1
20	 2	 29	 1.90	 0	 x	 l	 0
20	 2	 30	 1.90	 1	 right	 l	 1
20	 2	 31	 10.00	 0	 x	 r	 1
20	 2	 32	 1.90	 1	 right	 l	 1
20	 2	 33	 10.00	 1	 right	 l	 1
20	 2	 34	 10.00	 1	 right	 l	 1
20	 2	 35	 10.00	 1	 left	 l	 1
20	 2	 36	 1.90	 0	 x	 r	 1
20	 2	 37	 1.90	 1	 left	 l	 1
20	 2	 38	 10.00	 1	 left	 l	 1
20	 2	 39	 1.90	 0	 x	 r	 1
20	 2	 40	 1.90	 1	 right	 l	 1
20	 2	 41	 1.90	 0	 x	 r	 1
20	 2	 42	 10.00	 1	 left	 l	 1
20	 2	 43	 10.00	 1	 left	 l	 1
20	 2	 44	 10.00	 0	 x	 l	 0
20	 2	 45	 10.00	 0	 x	 r	 1
20	 2	 46	 1.90	 1	 left	 l	 1
20	 2	 47	 10.00	 1	 left	 l	 1
20	 2	 48	 10.00	 0	 x	 r	 1
20	 2	 49	 1.90	 0	 x	 l	 0
20	 2	 50	 10.00	 0	 x	 r	 1
20	 2	 51	 10.00	 0	 x	 r	 1
20	 2	 52	 1.90	 0	 x	 r	 1
20	 2	 53	 10.00	 0	 x	 r	 1
20	 2	 54	 10.00	 1	 left	 l	 1
20	 2	 55	 1.90	 1	 left	 l	 1
20	 2	 56	 1.90	 0	 x	 r	 1
20	 2	 57	 10.00	 0	 x	 r	 1
20	 2	 58	 10.00	 0	 x	 r	 1
20	 2	 59	 1.90	 1	 left	 l	 1
20	 2	 60	 1.90	 1	 left	 l	 1
20	 2	 61	 1.90	 1	 left	 r	 0
20	 2	 62	 10.00	 0	 x	 r	 1
20	 2	 63	 10.00	 0	 x	 r	 1
20	 2	 64	 10.00	 1	 left	 l	 1
20	 2	 65	 1.90	 0	 x	 r	 1
20	 2	 66	 1.90	 0	 x	 r	 1
20	 2	 67	 10.00	 1	 right	 l	 1
20	 2	 68	 10.00	 0	 x	 r	 1
20	 2	 69	 1.90	 0	 x	 r	 1
20	 2	 70	 1.90	 0	 x	 r	 1
20	 2	 71	 1.90	 1	 right	 l	 1
20	 2	 72	 1.90	 0	 x	 r	 1
20	 2	 73	 10.00	 0	 x	 r	 1
20	 2	 74	 1.90	 1	 right	 r	 0
20	 2	 75	 1.90	 1	 left	 r	 0
20	 2	 76	 10.00	 1	 right	 l	 1
20	 2	 77	 10.00	 0	 x	 r	 1
20	 2	 78	 1.90	 0	 x	 r	 1
20	 2	 79	 1.90	 1	 left	 l	 1
20	 2	 80	 1.90	 0	 x	 r	 1
